-0.47862   -0.0250572   0.479121
-0.409584   0.166385   -0.223267
0.364714   -0.361459   0.143473
0.200468   0.199628   -0.11002
-0.0613555   0.0525133   -0.472629
0.169637   0.485363   0.104562
-0.194968   -0.0376968   0.144336
0.360376   -0.0492534   -0.0339411
0.120473   0.397143   -0.292642
0.25997   0.306982   -0.310723
0.497558   0.328581   -0.350513
-0.0874095   0.0126438   -0.0651228
-0.222646   0.357451   -0.114654
0.0260887   0.124477   0.415475
0.160598   0.300763   0.458175
0.10494   0.079502   -0.324608
0.251026   0.162853   0.392592
0.41337   0.202358   0.0887526
0.118816   -0.375909   0.0763738
-0.2596   0.129319   0.236942
-0.145112   0.187394   0.0176956
-0.371822   0.00924787   0.319729
0.0464623   0.349962   0.386425
-0.0378642   0.0996654   -0.0857128
0.101879   -0.236325   0.438271
0.0830867   0.264876   -0.244374
0.396668   -0.446892   -0.484323
-0.14343   0.194642   0.146894
0.185262   -0.122242   0.0418894
-0.176983   -0.430679   -0.0839107
-0.306427   0.254564   0.445021
0.402846   0.484767   0.321281
-0.257242   -0.48418   0.406034
0.281617   -0.457869   0.198129
-0.458487   0.260809   -0.450836
0.0816132   -0.477413   -0.378366
0.461328   -0.137956   -0.49674
0.20113   0.391182   -0.147879
-0.226805   0.450034   0.00243466
-0.0500441   0.495342   -0.346964
0.448731   -0.0986768   -0.00207909
-0.307531   -0.236136   -0.476669
0.155207   0.0873436   0.199854
0.121049   -0.00899815   -0.202679
0.23769   -0.00247987   0.314633
0.322093   -0.0134437   -0.149712
0.150885   0.20892   0.376006
0.090763   0.250785   0.32927
0.317645   -0.429835   0.114186
0.0231292   0.103825   -0.28333
0.257629   -0.173233   0.400957
0.190402   -0.231502   -0.344547
-0.227196   0.204565   -0.00980039
-0.231989   -0.168222   -0.337441
-0.0375359   0.350314   -0.357439
-0.00112303   -0.310267   -0.499331
-0.271417   -0.084036   0.0883751
-0.224036   0.134089   -0.260715
-0.392599   0.109002   0.0552666
0.423197   -0.475041   0.00705557
-0.380767   -0.312015   -0.24065
0.245687   -0.452051   -0.375444
0.250255   -0.496025   0.126647
-0.397619   0.297666   0.130157
-0.471739   0.376054   0.126507
0.362889   0.485758   0.488153
-0.277828   0.316046   0.352674
-0.251275   0.0435724   0.45362
0.251308   0.269238   0.0354582
-0.171417   0.232548   -0.0696033
-0.095099   0.0932144   0.193242
0.453289   -0.0765029   0.423332
-0.322748   0.448733   -0.00915079
-0.327738   0.453573   -0.359691
-0.00532351   -0.102382   0.17581
-0.264527   0.3362   0.435677
-0.0978719   0.0267467   -0.399209
-0.36606   0.349839   0.355115
-0.374557   -0.084857   -0.299143
0.459616   -0.00549802   0.06023
0.0360736   -0.0435622   -0.3202
-0.431284   -0.213019   0.24063
-0.324201   0.119832   -0.459907
0.158654   -0.333782   0.127396
-0.118583   0.38258   -0.493132
-0.475677   0.466895   0.16543
0.428302   0.45037   -0.222081
0.384999   0.471126   -0.146625
0.00920641   0.486479   -0.391269
0.283882   0.00841355   -0.0642132
0.207039   -0.311091   0.494957
-0.362203   -0.353324   0.0884078
0.320195   0.412264   -0.155274
-0.171523   0.0751478   0.0191409
0.131258   0.39179   -0.19614
0.381465   0.465172   -0.345988
0.00373556   0.29027   0.282518
-0.298135   0.434509   0.0660877
-0.483228   -0.187562   -0.35816
0.476467   0.247761   -0.165307
-0.112704   -0.138101   -0.128903
-0.0451346   0.0862055   0.27043
-0.137408   -0.238051   0.441752
-0.210645   0.434343   0.496944
0.0506649   -0.400152   0.462849
0.00894499   -0.424191   0.268716
-0.495828   -0.0338744   -0.258058
0.0531262   -0.0648314   0.460125
