-0.478631   -0.0250974   0.479192
-0.409502   0.166388   -0.223269
0.364653   -0.361448   0.143539
0.200462   0.19963   -0.110137
-0.0613749   0.0524462   -0.472675
0.169666   0.485302   0.104572
-0.194965   -0.0377665   0.144337
0.36037   -0.0492591   -0.0339508
0.120431   0.397146   -0.292641
0.260013   0.30705   -0.310805
0.497527   0.328549   -0.35061
-0.0873708   0.012603   -0.0651422
-0.222669   0.357438   -0.114639
0.0260977   0.124505   0.415515
0.160582   0.300778   0.458139
0.104919   0.0794966   -0.324585
0.251021   0.16288   0.392596
0.413375   0.202308   0.088782
0.118774   -0.375896   0.0763708
-0.259526   0.129297   0.236997
-0.145111   0.187395   0.0177068
-0.371751   0.00921091   0.319753
0.0464537   0.349937   0.386345
-0.0378909   0.0996829   -0.0857353
0.101796   -0.23629   0.438259
0.0831031   0.264894   -0.244346
0.396644   -0.446828   -0.484255
-0.143409   0.194609   0.146973
0.18534   -0.12222   0.0419114
-0.176944   -0.430604   -0.0839162
-0.306366   0.254517   0.44499
0.40286   0.484832   0.32131
-0.257231   -0.484173   0.405993
0.281653   -0.45778   0.198145
-0.458474   0.260791   -0.450837
0.0816245   -0.477443   -0.378358
0.461346   -0.137958   -0.496794
0.201141   0.39116   -0.14791
-0.226858   0.450032   0.00240653
-0.0500267   0.495379   -0.34695
0.448658   -0.0986591   -0.00209013
-0.307537   -0.236094   -0.476672
0.155254   0.0873384   0.199883
0.120961   -0.00901536   -0.202668
0.2377   -0.00251454   0.314637
0.322047   -0.01348   -0.149694
0.150893   0.208916   0.376032
0.0907611   0.250774   0.329347
0.317675   -0.429867   0.11417
0.023165   0.103836   -0.28333
0.257636   -0.173215   0.401018
0.190362   -0.231466   -0.344506
-0.227162   0.204504   -0.00978524
-0.232026   -0.168275   -0.337492
-0.0374864   0.350334   -0.357452
-0.00108968   -0.310214   -0.499342
-0.271346   -0.0840576   0.088392
-0.224025   0.134095   -0.260634
-0.392538   0.108991   0.0552566
0.423193   -0.475048   0.00699337
-0.380839   -0.311992   -0.240727
0.245683   -0.452067   -0.375498
0.250255   -0.496038   0.126675
-0.397568   0.297739   0.130248
-0.471793   0.376119   0.126446
0.362921   0.485808   0.488113
-0.277869   0.316098   0.352643
-0.2513   0.0435287   0.453606
0.251325   0.269187   0.0355078
-0.171468   0.232579   -0.0696878
-0.0951039   0.0932338   0.193261
0.453269   -0.0764112   0.423358
-0.322702   0.448674   -0.00904648
-0.327655   0.453611   -0.359699
-0.00534634   -0.102416   0.175864
-0.264587   0.336214   0.435658
-0.097863   0.0267799   -0.3992
-0.366091   0.34985   0.355134
-0.374563   -0.0847981   -0.299067
0.459606   -0.00562294   0.0601768
0.036128   -0.0436267   -0.320215
-0.431285   -0.213088   0.240687
-0.324249   0.119876   -0.459941
0.158639   -0.333736   0.127412
-0.118598   0.382553   -0.493083
-0.475716   0.466886   0.165376
0.428285   0.450353   -0.222009
0.385003   0.471182   -0.146669
0.00926976   0.486419   -0.391278
0.283913   0.00845924   -0.0642583
0.206998   -0.311066   0.49499
-0.362209   -0.353384   0.0884085
0.320267   0.412278   -0.155339
-0.171565   0.0751853   0.0191056
0.131251   0.391885   -0.196159
0.38139   0.465206   -0.346027
0.0037497   0.290285   0.282627
-0.29812   0.434523   0.0660949
-0.483232   -0.187546   -0.358177
0.476371   0.247692   -0.165244
-0.112687   -0.138143   -0.128934
-0.0451932   0.0862069   0.270412
-0.137353   -0.238052   0.44172
-0.210662   0.434323   0.49696
0.0506914   -0.400181   0.46288
0.00897441   -0.424217   0.268669
-0.495844   -0.0338586   -0.258122
0.0530752   -0.0649069   0.460102
