-4.38192
-4.40463
-4.43056
-4.45114
-4.45929
-4.45381
-4.43389
-4.40821
-4.38667
-4.37763
-4.38381
-4.4029
-4.42687
-4.45135
-4.47103
-4.48943
-4.50115
-4.50996
-4.51373
-4.51286
-4.50528
-4.49138
-4.47785
-4.46615
-4.45963
-4.45738
-4.46388
-4.48732
-4.52267
-4.55566
-4.56882
-4.55458
-4.52059
-4.47455
-4.4302
-4.40403
-4.40055
-4.41543
-4.44177
-4.47373
-4.5083
-4.54476
-4.58504
-4.62228
-4.6523
-4.67166
-4.67768
-4.674
-4.66168
-4.63943
-4.60573
-4.56376
-4.51693
-4.47916
-4.45498
-4.45084
-4.46023
-4.47398
-4.4782
-4.46759
-4.44317
-4.41408
-4.38889
-4.37698
-4.38359
-4.40295
-4.42655
-4.44827
-4.46653
-4.4802
-4.48456
-4.47894
-4.46893
-4.45805
-4.45434
-4.46104
-4.47869
-4.50015
-4.52114
-4.53867
-4.55214
-4.56011
-4.55986
-4.54274
-4.50388
-4.44845
-4.39149
-4.35386
-4.3418
-4.34895
-4.36169
-4.37205
-4.37374
-4.36478
-4.34854
-4.32342
-4.28803
-4.24242
-4.18568
-4.12812
-4.08073
-4.04496
-4.02857
-4.02815
-4.05173
-4.09801
-4.15332
-4.21195
-4.26842
-4.31804
-4.35444
-4.3711
-4.36311
-4.32797
-4.2742
-4.21121
-4.15248
-4.10432
-4.06831
-4.04426
-4.04114
-4.06202
-4.10645
-4.16836
-4.23811
-4.30839
-4.3692
-4.41643
-4.44651
-4.4584
-4.45519
-4.44438
-4.43418
-4.42848
-4.42159
-4.41403
-4.41394
-4.4217
-4.43713
-4.45592
-4.48946
-4.5381
-4.59007
-4.63413
-4.66679
-4.68361
-4.68246
-4.65844
-4.61321
-4.55218
-4.48609
-4.42525
-4.37712
-4.34409
-4.32908
-4.32524
-4.32865
-4.32627
-4.31361
-4.28978
-4.26233
-4.24076
-4.22679
-4.22415
-4.22951
-4.23835
-4.2564
-4.28279
-4.31604
-4.34306
-4.35378
-4.34056
-4.30131
-4.24628
-4.18855
-4.13384
-4.08445
-4.04337
-4.01122
-3.99314
-3.99602
-4.02057
-4.06218
-4.11449
-4.1693
-4.21628
-4.24671
-4.24992
-4.22686
-4.18277
-4.13345
-4.09653
-4.08566
-4.10213
-4.13823
-4.18073
-4.22083
-4.25742
-4.29179
-4.32936
-4.36439
-4.39506
-4.41448
-4.41874
-4.40466
-4.37567
-4.33541
-4.29375
-4.25829
-4.23614
-4.22798
-4.23872
-4.26219
-4.29453
-4.32506
-4.34641
-4.35404
-4.35167
-4.34354
-4.33717
-4.33567
-4.34072
-4.35326
-4.37541
-4.40399
-4.43727
-4.4686
-4.49469
-4.51321
-4.5224
-4.52558
-4.52523
-4.52612
-4.52727
-4.51877
-4.49767
-4.4583
-4.40016
-4.33481
-4.27222
-4.22301
-4.20368
-4.21483
-4.2506
-4.29958
-4.35079
-4.39586
-4.43273
-4.46442
-4.49082
-4.50494
-4.50206
-4.47812
-4.43482
-4.38514
-4.33972
-4.30012
-4.26834
-4.24463
-4.23564
-4.24279
-4.25975
-4.27669
-4.28589
-4.28736
-4.28266
-4.27915
-4.27088
-4.2626
-4.25787
-4.26416
-4.28737
-4.32957
-4.3842
-4.43999
-4.48926
-4.52084
-4.53226
-4.52043
-4.48999
-4.44887
-4.41115
-4.38571
-4.3768
-4.37663
-4.37849
-4.37983
-4.38192
-4.38711
-4.39827
-4.41651
-4.43857
-4.46155
-4.47953
-4.48154
-4.46524
-4.43835
-4.41264
-4.39669
-4.39611
-4.41215
-4.43457
-4.45139
-4.45293
-4.43932
-4.41459
-4.38944
-4.37043
-4.36356
-4.36704
-4.37569
-4.38001
-4.37301
-4.35078
-4.31512
-4.26927
-4.22113
-4.17791
-4.1388
-4.10744
-4.08639
-4.08203
-4.09694
-4.13644
-4.19938
-4.27701
-4.36141
-4.43645
-4.49024
-4.51709
-4.51676
-4.49172
-4.45025
-4.40575
-4.37172
-4.35832
-4.36709
-4.38794
-4.40805
-4.42155
-4.42492
-4.42386
-4.41772
-4.40781
-4.38915
-4.35703
-4.31258
-4.25816
-4.20444
-4.15918
-4.13095
-4.12356
-4.14176
-4.17994
-4.23004
-4.28029
-4.32532
-4.3575
-4.37988
-4.39009
-4.38018
-4.34975
-4.29609
-4.22887
-4.17161
-4.15044
-4.16911
-4.20894
-4.25119
-4.286
-4.31422
-4.33701
-4.35371
-4.36423
-4.36964
-4.36894
-4.36035
-4.34012
-4.30918
-4.27451
-4.25381
-4.25791
-4.27906
-4.29835
-4.30314
-4.30055
-4.30442
-4.32406
-4.35985
-4.40526
-4.45075
-4.47952
-4.48697
-4.47046
-4.43836
-4.40638
-4.39699
-4.42084
-4.46908
-4.51979
-4.55369
-4.56313
-4.55382
-4.53276
-4.511
-4.49512
-4.48139
-4.46818
-4.4564
-4.44415
-4.43284
-4.42635
-4.42483
-4.42896
-4.4341
-4.43896
-4.44756
-4.46461
-4.48498
-4.50514
-4.51933
-4.52772
-4.53811
-4.55463
-4.57482
-4.59435
-4.60551
-4.59772
-4.56456
-4.50244
-4.41283
-4.31726
-4.25153
-4.2352
-4.25601
-4.28906
-4.31609
-4.32864
-4.32982
-4.32867
-4.33051
-4.34323
-4.35967
-4.37191
-4.37652
-4.38055
-4.39118
-4.40511
-4.41732
-4.42117
-4.41883
-4.41649
-4.41497
-4.41412
-4.41098
-4.40558
-4.39737
-4.38643
-4.37708
-4.3715
-4.37255
-4.37744
-4.38388
-4.38633
-4.3795
-4.36392
-4.34497
-4.33373
-4.33969
-4.36638
-4.41027
-4.46027
-4.50146
-4.52863
-4.53848
-4.53184
-4.50829
-4.46861
-4.41814
-4.37029
-4.33312
-4.31134
-4.30095
-4.2971
-4.29835
-4.3051
-4.32181
-4.35098
-4.38733
-4.42083
-4.44377
-4.45855
-4.46946
-4.486
-4.5095
-4.53871
-4.56793
-4.58737
-4.58763
-4.566
-4.52545
-4.4696
-4.41113
-4.35417
-4.30188
-4.2559
-4.21591
-4.18455
-4.16369
-4.15374
-4.16315
-4.1962
-4.24842
-4.31301
-4.3752
-4.4267
-4.45857
-4.46596
-4.45059
-4.41875
-4.38095
-4.34466
-4.31446
-4.29378
-4.28062
-4.27899
-4.29103
-4.32587
-4.37884
-4.44182
-4.50402
-4.55449
-4.58991
-4.60671
-4.60639
-4.59076
-4.56662
-4.53412
-4.50164
-4.47158
-4.44992
-4.43807
-4.43483
-4.43364
-4.42848
-4.41875
-4.39951
-4.3727
-4.3415
-4.31008
-4.28824
-4.28393
-4.29785
-4.32816
-4.36274
-4.391
-4.408
-4.41291
-4.40417
-4.38732
-4.36448
-4.34229
-4.326
-4.31611
-4.31975
-4.32972
-4.34263
-4.34832
-4.34291
-4.32347
-4.28882
-4.23836
-4.17403
-4.10014
-4.02621
-3.97199
-3.95686
-3.98891
-4.05798
-4.14151
-4.22666
-4.30381
-4.36739
-4.41255
-4.43641
-4.43771
-4.42092
-4.39323
-4.35663
-4.31373
-4.26331
-4.21173
-4.16784
-4.13901
-4.13216
-4.14596
-4.17426
-4.21148
-4.2471
-4.27887
-4.30633
-4.32842
-4.34367
-4.35403
-4.3553
-4.34665
-4.3302
-4.30993
-4.29293
-4.28439
-4.28393
-4.2873
-4.29595
-4.31308
-4.34067
-4.37868
-4.42027
-4.45636
-4.47869
-4.47926
-4.45844
-4.41521
-4.36063
-4.30463
-4.25607
-4.21905
-4.19002
-4.16651
-4.15086
-4.15574
-4.18969
-4.24497
-4.30793
-4.36543
-4.41437
-4.45497
-4.48457
-4.50373
-4.51307
-4.51804
-4.51519
-4.50557
-4.49231
-4.47973
-4.47443
-4.47813
-4.48704
-4.49572
-4.50125
-4.50268
-4.5004
-4.49612
-4.49069
-4.48724
-4.48435
-4.48013
-4.46964
-4.44973
-4.42542
-4.39813
-4.36815
-4.33932
-4.31018
-4.28466
-4.26734
-4.2596
-4.2595
-4.26619
-4.28244
-4.30944
-4.34411
-4.37864
-4.40699
-4.42919
-4.44652
-4.45977
-4.46976
-4.47336
-4.46954
-4.456
-4.43295
-4.40074
-4.35959
-4.30866
-4.25319
-4.20142
-4.1588
-4.12971
-4.12359
-4.14781
-4.19967
-4.26496
-4.33196
-4.38931
-4.43489
-4.46635
-4.4837
-4.48669
-4.4805
-4.4691
-4.4608
-4.4578
-4.46029
-4.46942
-4.48439
-4.50038
-4.51421
-4.52132
-4.52259
-4.51982
-4.51102
-4.49305
-4.46485
-4.42524
-4.38314
-4.35018
-4.33445
-4.33738
-4.35081
-4.36156
-4.36739
-4.3702
-4.37759
-4.39114
-4.40667
-4.41362
-4.40431
-4.37987
-4.34696
-4.3199
-4.30767
-4.31312
-4.33697
-4.37258
-4.41498
-4.46074
-4.50654
-4.54654
-4.57156
-4.57367
-4.54705
-4.49781
-4.43934
-4.3915
-4.36819
-4.37148
-4.394
-4.42478
-4.45704
-4.48647
-4.51009
-4.53244
-4.55488
-4.57442
-4.58772
-4.58834
-4.5694
-4.53157
-4.48974
-4.46143
-4.45231
-4.46148
-4.47914
-4.49785
-4.52071
-4.54673
-4.57009
-4.5828
-4.58094
-4.56284
-4.53559
-4.51205
-4.49805
-4.4999
-4.51191
-4.5258
-4.53319
-4.52627
-4.50817
-4.48504
-4.45554
-4.42099
-4.38256
-4.34456
-4.31099
-4.28103
-4.25335
-4.22885
-4.2187
-4.22802
-4.26097
-4.30895
-4.36396
-4.41248
-4.45062
-4.47715
-4.49312
-4.50028
-4.49962
-4.48825
-4.46812
-4.44774
-4.42802
-4.40951
-4.38881
-4.3603
-4.32731
-4.2908
-4.25096
-4.21613
-4.18769
-4.16889
-4.16366
-4.16934
-4.18059
-4.19413
-4.20396
-4.20604
-4.19962
-4.19473
-4.20678
-4.23781
-4.27708
-4.31309
-4.34254
-4.36669
-4.3887
-4.41313
-4.44274
-4.47672
-4.51142
-4.54485
-4.57052
-4.58556
-4.58765
-4.57293
-4.54168
-4.49586
-4.44454
-4.39545
-4.35521
-4.32867
-4.3133
-4.31399
-4.32914
-4.3587
-4.40274
-4.45556
-4.50967
-4.5572
-4.59024
-4.60228
-4.58773
-4.54189
-4.47637
-4.40815
-4.35925
-4.3354
-4.32265
-4.31247
-4.30544
-4.30453
-4.31358
-4.32889
-4.34568
-4.35788
-4.36318
-4.36465
-4.36565
-4.36452
-4.35652
-4.33859
-4.31307
-4.29854
-4.30821
-4.33792
-4.37141
-4.38969
-4.38488
-4.36161
-4.32409
-4.28073
-4.23544
-4.19095
-4.1508
-4.11924
-4.08989
-4.05305
-4.01119
-3.98045
-3.97746
-4.00803
-4.06615
-4.13953
-4.21532
-4.28678
-4.35225
-4.40458
-4.43768
-4.44505
-4.42055
-4.36937
-4.30452
-4.24794
-4.21447
-4.20474
-4.21082
-4.22297
-4.23347
-4.24311
-4.25413
-4.26899
-4.28862
-4.31064
-4.33503
-4.3561
-4.37482
-4.38862
-4.39857
-4.40255
-4.40271
-4.40027
-4.3974
-4.3943
-4.39066
-4.3849
-4.37311
-4.35741
-4.34391
-4.33625
-4.33123
-4.32678
-4.31956
-4.31088
-4.30827
-4.31408
-4.32835
-4.35174
-4.38127
-4.4107
-4.43073
-4.43503
-4.42545
-4.40856
-4.39285
-4.38491
-4.38839
-4.40091
-4.41849
-4.43536
-4.44703
-4.45689
-4.47049
-4.48723
-4.49882
-4.50382
-4.50748
-4.53033
-4.58468
-4.65525
-4.72098
-4.76106
-4.768
-4.73741
-4.67116
-4.57835
-4.4782
-4.39472
-4.34427
-4.31948
-4.30381
-4.28666
-4.26302
-4.24092
-4.23047
-4.23895
-4.26112
-4.29322
-4.32851
-4.35883
-4.38571
-4.40841
-4.43241
-4.45489
-4.46995
-4.47552
-4.47156
-4.45373
-4.43028
-4.40757
-4.39055
-4.38282
-4.38333
-4.3845
-4.38488
-4.38447
-4.3838
-4.38341
-4.38536
-4.39074
