2.8704
2.8945
2.92006
2.94174
2.95211
2.9467
2.92739
2.90141
2.87845
2.86716
2.87151
2.88914
2.91344
2.93774
2.95831
2.97454
2.98706
2.99597
3.0004
2.99911
2.99139
2.97858
2.96447
2.95312
2.94604
2.94337
2.94908
2.97007
3.00485
3.03864
3.05465
3.04497
3.01207
2.9664
2.92257
2.89393
2.88703
2.90022
2.92672
2.95939
2.9944
3.03139
3.07036
3.10829
3.13958
3.15959
3.16711
3.16339
3.15004
3.12726
3.09441
3.05266
3.00726
2.96708
2.94125
2.93435
2.94273
2.95578
2.96155
2.95267
2.92964
2.90004
2.87424
2.86129
2.86561
2.88412
2.90862
2.93217
2.95154
2.96502
2.97044
2.9666
2.95578
2.94426
2.93928
2.94514
2.96123
2.98278
3.00417
3.0221
3.03585
3.04486
3.04577
3.03137
2.99521
2.94008
2.88207
2.84175
2.82771
2.83324
2.8468
2.85879
2.8627
2.85601
2.83959
2.81472
2.7804
2.73472
2.6795
2.62234
2.57275
2.53642
2.51549
2.51336
2.53466
2.57796
2.63395
2.69294
2.74955
2.79991
2.83822
2.85717
2.85121
2.81952
2.76742
2.7055
2.64559
2.5955
2.55762
2.53337
2.52747
2.54538
2.58735
2.64745
2.71705
2.78726
2.85009
2.89925
2.93089
2.94408
2.94178
2.93143
2.92136
2.91441
2.9079
2.90172
2.90109
2.90926
2.92351
2.94312
2.97518
3.02255
3.07466
3.11951
3.15227
3.17084
3.1713
3.14972
3.10629
3.04709
2.98193
2.9207
2.87084
2.83672
2.81936
2.81571
2.81814
2.8169
2.80524
2.78325
2.75686
2.7341
2.72059
2.7172
2.72135
2.73112
2.74773
2.77338
2.80565
2.83463
2.84714
2.8346
2.79745
2.7439
2.68522
2.62993
2.58095
2.53842
2.50466
2.4854
2.48612
2.50819
2.54818
2.59948
2.654
2.70245
2.73459
2.74166
2.72076
2.67815
2.62841
2.58952
2.57546
2.5897
2.62404
2.66578
2.70621
2.74348
2.77979
2.81659
2.85236
2.88306
2.90361
2.90926
2.89726
2.86878
2.82934
2.78717
2.75061
2.7261
2.71745
2.72591
2.74938
2.78136
2.81248
2.83444
2.8435
2.84137
2.83374
2.827
2.82533
2.83016
2.84209
2.86217
2.89048
2.92412
2.95747
2.98496
3.00364
3.01361
3.01711
3.01761
3.01827
3.0185
3.0123
2.99189
2.95314
2.89774
2.83239
2.76795
2.71767
2.69347
2.70079
2.73519
2.78449
2.83587
2.8818
2.92068
2.95343
2.97932
2.99438
2.99272
2.97014
2.92874
2.87849
2.8309
2.79072
2.75748
2.73281
2.7215
2.72625
2.74257
2.75999
2.7697
2.77063
2.76719
2.76244
2.75592
2.74752
2.74154
2.74603
2.76805
2.80888
2.86286
2.91997
2.96986
3.00411
3.01733
3.00797
2.97924
2.93976
2.90195
2.87661
2.86653
2.86601
2.86736
2.86754
2.86861
2.87371
2.88482
2.90244
2.92535
2.94933
2.96717
2.97116
2.95785
2.93183
2.90437
2.88709
2.88631
2.90085
2.92283
2.94068
2.94491
2.93292
2.90936
2.88293
2.86249
2.85348
2.85564
2.86314
2.8676
2.86176
2.84149
2.80693
2.7626
2.71532
2.67072
2.63171
2.60009
2.5787
2.57212
2.58567
2.62303
2.68347
2.76059
2.84331
2.91858
2.97476
3.00471
3.00676
2.98403
2.94387
2.89822
2.86215
2.84754
2.85538
2.87584
2.89646
2.90965
2.91435
2.91313
2.90798
2.8981
2.88004
2.84987
2.80622
2.75268
2.69779
2.65149
2.62161
2.61336
2.6292
2.66626
2.71573
2.76678
2.8115
2.84614
2.86941
2.87971
2.8734
2.8455
2.79387
2.72644
2.66623
2.64046
2.6555
2.69348
2.7351
2.77151
2.80087
2.82368
2.84064
2.85214
2.85826
2.85826
2.85005
2.83061
2.79928
2.76336
2.73957
2.74114
2.76106
2.77995
2.78684
2.78541
2.78736
2.80382
2.83844
2.88483
2.93012
2.96169
2.97165
2.95823
2.92695
2.89326
2.87945
2.89976
2.9469
2.99856
3.03468
3.04682
3.03793
3.01783
2.99671
2.9795
2.9657
2.9532
2.94094
2.92907
2.91858
2.91173
2.91054
2.91394
2.9185
2.92333
2.93232
2.94868
2.96955
2.98853
3.00179
3.01068
3.02024
3.0352
3.05592
3.07707
3.09
3.08587
3.05679
2.99719
2.90964
2.81398
2.74467
2.72396
2.74249
2.77534
2.80319
2.818
2.82109
2.81936
2.82119
2.83197
2.8485
2.86134
2.86663
2.871
2.88169
2.8968
2.9085
2.91234
2.91073
2.90844
2.90742
2.90651
2.90404
2.8992
2.8917
2.88197
2.87201
2.86544
2.86533
2.87131
2.87886
2.8815
2.87477
2.85921
2.84071
2.82819
2.83135
2.85659
2.9003
2.94962
2.99171
3.01983
3.0318
3.02662
3.00375
2.96483
2.91579
2.86659
2.82756
2.80355
2.79207
2.7876
2.78734
2.79311
2.80895
2.83647
2.87134
2.9047
2.92942
2.94503
2.95696
2.97226
2.99511
3.02441
3.0538
3.07431
3.0778
3.05962
3.02019
2.96578
2.90611
2.84899
2.79681
2.74966
2.70918
2.67736
2.65477
2.64367
2.65046
2.68055
2.7317
2.79454
2.8576
2.91035
2.94416
2.95402
2.94043
2.9098
2.87163
2.83457
2.80389
2.78146
2.76743
2.76324
2.77402
2.80572
2.85807
2.92182
2.98441
3.03656
3.07324
3.09229
3.09377
3.08007
3.05515
3.02351
2.99003
2.95995
2.93793
2.92576
2.92123
2.91959
2.91579
2.90604
2.88825
2.86232
2.83068
2.79887
2.77513
2.7678
2.78056
2.8093
2.84406
2.87414
2.89264
2.89739
2.88973
2.87297
2.85128
2.82931
2.81174
2.80252
2.80364
2.81345
2.82593
2.83312
2.82929
2.81164
2.77846
2.72923
2.66608
2.59353
2.52013
2.46279
2.44277
2.47003
2.53499
2.6183
2.7037
2.78176
2.84703
2.8948
2.92106
2.92519
2.91098
2.88414
2.84861
2.80567
2.75646
2.70529
2.66027
2.6303
2.62111
2.633
2.66088
2.69657
2.73246
2.76415
2.7906
2.81239
2.8294
2.83992
2.84183
2.83425
2.81845
2.79856
2.78111
2.77138
2.76968
2.77297
2.78084
2.79705
2.82459
2.86174
2.903
2.94057
2.96514
2.96882
2.94852
2.90743
2.85396
2.79867
2.75019
2.71215
2.68289
2.65904
2.6426
2.64487
2.67609
2.73064
2.79257
2.85048
2.90044
2.94125
2.97204
2.99275
3.0047
3.00917
3.00656
2.99737
2.98399
2.97132
2.96489
2.96704
2.9753
2.98471
2.99127
2.99331
2.99109
2.98607
2.98055
2.97685
2.97511
2.97166
2.96141
2.94285
2.91835
2.89082
2.86158
2.83129
2.80149
2.77538
2.75684
2.74786
2.74733
2.75376
2.76843
2.79363
2.8272
2.86215
2.89235
2.91606
2.93444
2.9487
2.95859
2.96258
2.95886
2.94624
2.92416
2.8922
2.85032
2.80007
2.74534
2.69215
2.64727
2.61749
2.60985
2.63035
2.67877
2.74467
2.81252
2.8711
2.91666
2.94887
2.96718
2.97186
2.96612
2.95576
2.94662
2.94268
2.94553
2.95497
2.96931
2.98521
2.99846
3.00591
3.00752
3.00497
2.99772
2.98191
2.95392
2.91469
2.8716
2.83671
2.81988
2.8215
2.83275
2.84348
2.84905
2.85193
2.8585
2.87233
2.88888
2.89788
2.89109
2.86797
2.83647
2.80845
2.79389
2.79801
2.82028
2.85555
2.89767
2.9428
2.98845
3.02939
3.05636
3.05995
3.03599
2.9888
2.93132
2.8816
2.85491
2.8557
2.87694
2.90735
2.93845
2.96657
2.99151
3.01457
3.03693
3.05771
3.07257
3.0743
3.05678
3.02119
2.97922
2.94774
2.93696
2.94433
2.96065
2.9795
3.00067
3.02511
3.04908
3.06446
3.06444
3.04858
3.02314
2.99795
2.98257
2.98231
2.99457
3.0097
3.01745
3.01297
2.99745
2.9742
2.94511
2.91048
2.87167
2.83293
2.79867
2.76875
2.74034
2.71515
2.70147
2.70857
2.73935
2.78768
2.84198
2.89154
2.93054
2.95814
2.97591
2.985
2.98486
2.97476
2.95656
2.93515
2.91504
2.89666
2.87641
2.85026
2.81714
2.77912
2.73993
2.70381
2.67489
2.65657
2.65031
2.65479
2.66633
2.68022
2.69111
2.69373
2.68754
2.68232
2.69237
2.72143
2.76022
2.79807
2.82973
2.85512
2.87774
2.90224
2.93149
2.96503
2.99981
3.03203
3.05819
3.07496
3.07871
3.06605
3.03586
2.99116
2.93917
2.88886
2.84747
2.81856
2.80291
2.80096
2.81394
2.84271
2.8857
2.93784
2.99161
3.03949
3.0749
3.09044
3.07821
3.03548
2.97052
2.90245
2.85173
2.82507
2.81281
2.80378
2.79611
2.79435
2.802
2.81742
2.83469
2.84781
2.8546
2.85693
2.8576
2.85637
2.84912
2.83136
2.80621
2.78908
2.79619
2.82549
2.85823
2.87671
2.87337
2.84995
2.81347
2.77078
2.72549
2.68016
2.63994
2.60854
2.58011
2.54465
2.50307
2.47012
2.46339
2.49093
2.54755
2.62023
2.69632
2.76877
2.83476
2.88993
2.92616
2.93545
2.91438
2.86644
2.80373
2.74587
2.70994
2.69885
2.70378
2.71455
2.72531
2.73525
2.74634
2.76052
2.77869
2.80032
2.82309
2.84415
2.86187
2.87602
2.8864
2.89223
2.89327
2.89103
2.88798
2.88545
2.88206
2.87485
2.86245
2.84723
2.83391
2.8256
2.82103
2.81605
2.80818
2.79959
2.79578
2.80077
2.81533
2.83867
2.86831
2.89791
2.9189
2.92548
2.91798
2.9021
2.88585
2.87648
2.87806
2.88992
2.90704
2.92307
2.9347
2.94418
2.9567
2.97303
2.98655
2.9913
2.99363
3.01361
3.06529
3.13717
3.204
3.2472
3.2577
3.23146
3.16875
3.07736
2.97632
2.89114
2.83748
2.81067
2.79513
2.7782
2.75573
2.7332
2.72146
2.72713
2.74849
2.77954
2.81352
2.84475
2.87115
2.89473
2.91785
2.93947
2.95562
2.96229
2.95738
2.94155
2.91863
2.89514
2.87783
2.87008
2.86994
2.8722
2.87282
2.87158
2.8705
2.87084
2.87329
2.87844
