2.90929
2.90064
2.89932
2.90451
2.91011
2.91142
2.90863
2.90488
2.9032
2.90464
2.90827
2.91187
2.91485
2.92092
2.93594
2.96135
2.99194
3.01954
3.03732
3.04139
3.03084
3.00709
2.97383
2.93725
2.90534
2.88532
2.8813
2.89389
2.92039
2.95545
2.99286
3.02772
3.05725
3.08018
3.09621
3.10575
3.10921
3.10673
3.09938
3.09225
3.0953
3.11621
3.14936
3.17605
3.17752
3.14722
3.09448
3.03862
2.99608
2.97249
2.9661
2.97264
2.98581
2.99761
3.00138
2.99586
2.98754
2.98834
3.00796
3.04538
3.08805
3.11882
3.12414
3.09879
3.04717
2.98307
2.92671
2.89498
2.88933
2.89685
2.90334
2.90191
2.89227
2.87757
2.86241
2.85155
2.8488
2.85657
2.87514
2.89986
2.92015
2.9249
2.91076
2.88635
2.86823
2.87105
2.89933
2.94699
3.00229
3.05326
3.0912
3.1121
3.11489
3.09995
3.07072
3.03472
2.99963
2.96853
2.94076
2.91411
2.88503
2.85026
2.80985
2.76849
2.73448
2.71731
2.72397
2.755
2.80378
2.85983
2.91301
2.95612
2.98627
3.00536
3.01893
3.03361
3.05364
3.07717
3.09609
3.10065
3.08391
3.04293
2.97996
2.90739
2.85172
2.8407
2.87594
2.92876
2.96767
2.97949
2.96916
2.9508
2.93888
2.94224
2.96163
2.98982
3.01475
3.02575
3.01946
3.00039
2.97429
2.94419
2.91722
2.90512
2.90926
2.91726
2.91838
2.91152
2.90055
2.88923
2.88048
2.87743
2.88291
2.89758
2.91915
2.94294
2.96301
2.97411
2.97347
2.96146
2.94122
2.91806
2.89863
2.88801
2.88593
2.88608
2.88074
2.86647
2.84614
2.82621
2.81308
2.81113
2.82296
2.8496
2.88956
2.93825
2.98889
3.03431
3.06776
3.08323
3.07643
3.0464
2.99644
2.93418
2.87071
2.81802
2.78544
2.77604
2.78612
2.80786
2.83251
2.85194
2.86019
2.85583
2.84247
2.82644
2.81402
2.81032
2.81842
2.83881
2.86934
2.90547
2.94038
2.9655
2.97227
2.95531
2.91589
2.86374
2.81481
2.78515
2.78335
2.80686
2.84527
2.88826
2.93101
2.97352
3.01709
3.06153
3.10435
3.14098
3.16518
3.17075
3.15497
3.12131
3.07646
3.02414
2.9628
2.89119
2.81521
2.74794
2.70462
2.69904
2.7386
2.81448
2.90152
2.97338
3.01581
3.02854
3.02034
3.00368
2.98958
2.9826
2.97795
2.9663
2.94315
2.91285
2.88663
2.87982
2.90264
2.94556
2.98422
2.99988
2.98657
2.94599
2.88423
2.81252
2.74625
2.69802
2.67087
2.65929
2.65582
2.65528
2.65613
2.66135
2.67611
2.70021
2.72467
2.74092
2.75146
2.76612
2.79019
2.82218
2.8601
2.90321
2.94887
2.99046
3.01943
3.02971
3.02056
2.99698
2.96814
2.94458
2.93438
2.93942
2.95474
2.97186
2.98431
2.99039
2.99061
2.98272
2.96161
2.92575
2.88175
2.84044
2.80957
2.7896
2.77478
2.75792
2.73384
2.69937
2.66014
2.64053
2.66568
2.72788
2.79552
2.84744
2.88018
2.89538
2.89182
2.86902
2.83476
2.80632
2.79975
2.81852
2.85458
2.89721
2.93836
2.97317
2.9991
3.01515
3.02148
3.01929
3.01076
2.99856
2.98393
2.96446
2.93508
2.89323
2.84356
2.79804
2.77142
2.77389
2.80432
2.84975
2.89294
2.92192
2.93417
2.93452
2.9305
2.92883
2.93378
2.94679
2.96703
2.9927
3.02199
3.05223
3.07894
3.09699
3.10317
3.09742
3.08358
3.0699
3.06682
3.08032
3.10644
3.13338
3.14874
3.14574
3.12597
3.09869
3.07565
3.06363
3.06223
3.0682
3.07868
3.09007
3.097
3.09391
3.07789
3.05094
3.02024
2.99507
2.98187
2.98194
2.99126
3.00206
3.00628
2.99895
2.97884
2.9472
2.90658
2.86038
2.81267
2.76734
2.72693
2.69271
2.66662
2.65333
2.65954
2.68985
2.74165
2.80454
2.86557
2.91539
2.95041
2.97112
2.97963
2.9785
2.97127
2.9638
2.96397
2.97811
3.00638
3.04251
3.07803
3.10585
3.12173
3.12471
3.11698
3.10318
3.08842
3.0761
3.06705
3.062
3.063
3.06895
3.07175
3.06197
3.03811
3.00761
2.97881
2.95345
2.9292
2.90658
2.8908
2.88774
2.89974
2.92447
2.9564
2.98922
3.01816
3.04051
3.05423
3.05655
3.04471
3.01814
2.9798
2.93575
2.89335
2.85891
2.83571
2.82297
2.81625
2.80988
2.79967
2.78413
2.7632
2.73685
2.70637
2.67775
2.66286
2.6749
2.71915
2.78891
2.8696
2.94487
3.0011
3.03019
3.03025
3.00437
2.95835
2.89909
2.83436
2.77388
2.72936
2.71155
2.72513
2.76504
2.81783
2.8675
2.90139
2.91363
2.9071
2.89427
2.89426
2.92136
2.97179
3.02481
3.05754
3.05868
3.0386
3.02889
3.04728
3.07232
3.07795
3.05896
3.0221
2.9761
2.92938
2.88938
2.86082
2.84515
2.84227
2.85101
2.86779
2.88688
2.90336
2.91543
2.92354
2.92946
2.93626
2.94732
2.96367
2.9825
2.99823
3.00511
2.99952
2.98081
2.95143
2.9165
2.88321
2.85916
2.84893
2.85092
2.85883
2.8692
2.88767
2.92225
2.96721
3.00364
3.0182
3.01238
2.99576
2.97583
2.95336
2.92501
2.89041
2.85813
2.84328
2.85543
2.89052
2.93698
2.98499
3.02873
3.06401
3.08654
3.09233
3.07892
3.04592
2.99588
2.93632
2.88032
2.84169
2.82759
2.83655
2.86162
2.89221
2.91503
2.91771
2.89503
2.85454
2.81464
2.7903
2.78167
2.7799
2.77748
2.77114
2.76149
2.75316
2.75456
2.77531
2.81912
2.8775
2.93184
2.96445
2.96826
2.94818
2.91494
2.878
2.84296
2.81337
2.79322
2.78704
2.79738
2.82365
2.86312
2.91099
2.96115
3.00905
3.05058
3.08049
3.09497
3.09328
3.07626
3.04682
3.01142
2.97805
2.95201
2.9339
2.9209
2.90851
2.89159
2.86635
2.83336
2.80012
2.78077
2.78927
2.82778
2.88265
2.93436
2.96888
2.98105
2.97261
2.95003
2.92283
2.9015
2.89558
2.91282
2.95599
3.01779
3.08172
3.13012
3.15046
3.13717
3.09202
3.02582
2.95863
2.91174
2.89372
2.89553
2.90057
2.89611
2.87733
2.84721
2.81456
2.78979
2.78026
2.78844
2.81393
2.8555
2.9104
2.97295
3.03504
3.08846
3.12681
3.14706
3.15026
3.14146
3.12791
3.11503
3.10212
3.08232
3.04801
2.99652
2.93123
2.85945
2.7904
2.73471
2.70229
2.6981
2.71926
2.75635
2.79687
2.82914
2.84588
2.84748
2.84236
2.84101
2.84694
2.85538
2.85978
2.85708
2.84928
2.84261
2.84395
2.8562
2.87682
2.90021
2.9204
2.93287
2.93538
2.92663
2.90447
2.86807
2.82225
2.77792
2.74779
2.73968
2.7521
2.77646
2.80483
2.83579
2.87264
2.91665
2.96352
3.00529
3.03456
3.04786
3.04614
3.03253
3.00973
2.97868
2.93964
2.89423
2.8468
2.80438
2.7759
2.77071
2.79548
2.85035
2.92695
3.01104
3.08769
3.14549
3.17816
3.18388
3.16403
3.12235
3.06476
2.99922
2.93496
2.88037
2.84152
2.82315
2.83064
2.86748
2.92896
3.00147
3.06913
3.1195
3.1456
3.1464
3.12673
3.0964
3.06928
3.05984
3.07523
3.10926
3.14665
3.17306
3.18067
3.16792
3.13699
3.09411
3.05158
3.02204
3.00817
3.00295
2.99786
2.98727
2.96803
2.93941
2.90375
2.86659
2.83412
2.80892
2.78839
2.76841
2.74879
2.73379
2.72751
2.73096
2.74425
2.76866
2.80531
2.85306
2.90844
2.96745
3.02675
3.08329
3.13265
3.16782
3.18
3.1618
3.11177
3.03805
2.9593
2.8989
2.87235
2.87813
2.90308
2.9339
2.96135
2.97908
2.98366
2.97497
2.95576
2.93033
2.90356
2.87971
2.86082
2.84617
2.83431
2.8259
2.8239
2.83048
2.8434
2.85557
2.85812
2.84547
2.82001
2.79314
2.77966
2.78665
2.80925
2.83813
2.86749
2.8956
2.92236
2.9472
2.96833
2.98307
2.98851
2.98205
2.961
2.92382
2.87514
2.83151
2.81823
2.85112
2.92133
3.0036
3.07325
3.11405
3.11965
3.09353
3.04929
3.00888
2.99337
3.00665
3.03291
3.0547
3.06592
3.06891
3.06675
3.05902
3.04279
3.01642
2.9833
2.95197
2.93005
2.91653
2.90195
2.87797
2.84559
2.81467
2.79693
2.79811
2.81512
2.84048
2.86762
2.89246
2.91264
2.927
2.9354
2.93822
2.93536
2.92629
2.91162
2.89577
2.88716
2.89427
2.9198
2.95799
2.99683
3.02345
3.02882
3.01005
2.97113
2.923
2.88094
2.85729
2.85367
2.86094
2.86819
2.87141
2.87527
2.88881
2.91895
2.96542
3.01989
3.06951
3.10236
3.11097
3.09311
3.05142
2.99341
2.93102
2.87756
2.84232
2.82598
2.82057
2.8144
2.79882
2.7723
2.74009
2.71018
2.68897
2.67895
2.68051
2.69535
2.72676
2.77473
2.83081
2.88014
2.91008
2.91757
2.90987
2.89822
2.88937
2.88133
2.86676
2.84037
2.80403
2.76565
2.73261
2.7071
2.68869
2.68016
2.68762
2.71344
2.75166
2.79223
2.82723
2.8522
2.86562
2.87061
2.87632
2.89285
2.92191
2.95624
2.98756
3.01162
3.02744
3.03528
3.03606
3.03131
3.02336
3.01533
3.01142
3.01658
3.03461
3.0651
3.10278
3.14063
3.17379
3.19987
3.21613
3.21901
3.20755
3.18527
3.15574
3.11741
3.0655
2.99835
2.92054
2.8414
2.77156
2.71913
2.68722
2.67406
2.67627
2.693
2.72704
2.78031
2.84749
2.91459
2.96432
2.98346
2.96774
2.92267
2.86053
2.79521
2.73787
2.69644
2.67645
2.67985
2.7037
2.74298
2.79444
2.85569
2.92179
2.98548
3.04029
3.08233
3.10983
3.12212
3.11953
3.10371
3.0775
3.04374
3.00405
2.96018
2.91814
2.89032
2.88893
2.91342
2.94867
2.97838
2.99471
2.99694
2.98774
2.97228
2.95893
2.95737
2.97266
3.00175
3.03735
3.07387
3.10966
