-4.34973
-4.34315
-4.34279
-4.34909
-4.3547
-4.35536
-4.35276
-4.35002
-4.34788
-4.34962
-4.35229
-4.35579
-4.35793
-4.3645
-4.38
-4.40687
-4.43753
-4.46367
-4.4808
-4.48266
-4.47098
-4.44683
-4.41321
-4.37673
-4.34601
-4.32642
-4.32469
-4.33915
-4.36588
-4.40008
-4.43788
-4.47321
-4.50287
-4.52511
-4.53881
-4.54758
-4.5524
-4.5501
-4.54124
-4.53477
-4.53926
-4.56162
-4.59435
-4.61969
-4.61742
-4.58466
-4.53051
-4.47403
-4.4327
-4.41143
-4.40626
-4.41378
-4.42629
-4.43858
-4.44031
-4.43408
-4.42745
-4.42981
-4.45117
-4.49015
-4.53286
-4.56158
-4.56513
-4.53694
-4.4845
-4.42021
-4.36647
-4.33684
-4.33369
-4.34181
-4.3486
-4.34612
-4.33474
-4.32023
-4.30514
-4.29509
-4.2933
-4.3025
-4.32231
-4.34834
-4.36677
-4.36929
-4.3552
-4.33016
-4.31434
-4.32
-4.35064
-4.40009
-4.45472
-4.50455
-4.54105
-4.56046
-4.56204
-4.5456
-4.51574
-4.47939
-4.44465
-4.41334
-4.38429
-4.35743
-4.32851
-4.29203
-4.25169
-4.21095
-4.17835
-4.16167
-4.17011
-4.20347
-4.25347
-4.30981
-4.36362
-4.40684
-4.43572
-4.45381
-4.4675
-4.48305
-4.50303
-4.52654
-4.544
-4.54592
-4.52668
-4.48359
-4.41886
-4.34763
-4.29538
-4.28923
-4.32709
-4.37837
-4.41513
-4.42427
-4.41227
-4.3926
-4.38148
-4.38714
-4.40756
-4.43661
-4.4598
-4.46953
-4.46046
-4.43986
-4.41173
-4.38118
-4.35549
-4.34404
-4.34909
-4.35583
-4.35576
-4.34844
-4.33879
-4.32699
-4.31896
-4.31651
-4.32278
-4.33949
-4.36154
-4.38463
-4.4031
-4.41189
-4.41141
-4.39855
-4.37713
-4.35389
-4.33562
-4.32689
-4.32645
-4.32698
-4.32034
-4.30539
-4.28539
-4.26602
-4.2531
-4.25167
-4.26316
-4.29185
-4.33339
-4.38306
-4.43411
-4.47877
-4.51144
-4.52544
-4.51554
-4.48389
-4.43168
-4.36921
-4.30553
-4.25481
-4.22316
-4.21567
-4.22837
-4.2505
-4.27513
-4.29411
-4.30183
-4.29573
-4.28241
-4.26646
-4.25456
-4.25163
-4.26114
-4.28253
-4.31386
-4.34977
-4.38471
-4.40686
-4.41081
-4.39126
-4.35044
-4.29857
-4.25091
-4.22427
-4.22575
-4.25114
-4.29102
-4.33365
-4.37662
-4.42086
-4.46441
-4.50913
-4.55143
-4.58742
-4.61017
-4.61378
-4.59627
-4.56208
-4.51581
-4.46196
-4.39958
-4.32726
-4.24997
-4.18471
-4.14413
-4.14246
-4.18624
-4.2644
-4.35099
-4.4215
-4.46109
-4.47076
-4.46204
-4.44611
-4.43251
-4.42552
-4.42059
-4.40755
-4.38304
-4.3521
-4.32694
-4.32361
-4.34835
-4.39247
-4.42916
-4.44187
-4.42582
-4.38353
-4.31865
-4.24601
-4.18199
-4.13591
-4.11036
-4.09946
-4.09556
-4.09456
-4.09578
-4.10189
-4.11684
-4.14149
-4.16614
-4.1806
-4.19079
-4.20675
-4.23188
-4.26529
-4.30527
-4.34942
-4.39639
-4.43695
-4.46471
-4.47253
-4.46238
-4.43931
-4.41038
-4.38711
-4.37922
-4.38577
-4.40227
-4.41944
-4.43156
-4.43795
-4.43708
-4.42781
-4.40532
-4.36898
-4.32369
-4.28287
-4.25335
-4.23423
-4.22012
-4.20244
-4.17697
-4.14104
-4.10236
-4.08582
-4.11674
-4.18068
-4.24675
-4.29656
-4.32689
-4.33926
-4.33387
-4.31059
-4.27512
-4.24888
-4.24494
-4.26592
-4.3031
-4.3468
-4.38643
-4.4215
-4.44555
-4.4591
-4.4642
-4.46081
-4.45104
-4.43798
-4.42335
-4.40327
-4.37313
-4.3309
-4.27964
-4.23505
-4.21253
-4.21732
-4.2509
-4.29641
-4.33798
-4.36646
-4.37796
-4.37797
-4.37423
-4.37292
-4.37971
-4.39336
-4.41392
-4.4408
-4.47093
-4.50165
-4.52848
-4.54514
-4.54916
-4.54386
-4.52944
-4.5153
-4.51405
-4.52917
-4.55628
-4.58182
-4.59492
-4.58866
-4.56808
-4.54056
-4.5189
-4.50775
-4.50724
-4.51363
-4.52515
-4.53546
-4.54177
-4.537
-4.51955
-4.49363
-4.46294
-4.4398
-4.4278
-4.42861
-4.43787
-4.44805
-4.45142
-4.44312
-4.42086
-4.38789
-4.347
-4.2997
-4.25146
-4.20609
-4.16549
-4.13091
-4.10507
-4.09342
-4.10283
-4.13479
-4.18812
-4.252
-4.31224
-4.36096
-4.39554
-4.41507
-4.42114
-4.41996
-4.41345
-4.40652
-4.40666
-4.42384
-4.45281
-4.48851
-4.52248
-4.55046
-4.56459
-4.56725
-4.55989
-4.54607
-4.53265
-4.52171
-4.51179
-4.50665
-4.50845
-4.51487
-4.51707
-4.50562
-4.48066
-4.44942
-4.42055
-4.39542
-4.37167
-4.34853
-4.33304
-4.33161
-4.34627
-4.37321
-4.40475
-4.4372
-4.46437
-4.48612
-4.49763
-4.49999
-4.48665
-4.45962
-4.42054
-4.37647
-4.33295
-4.29955
-4.27841
-4.26622
-4.26145
-4.25454
-4.24442
-4.22683
-4.20551
-4.17879
-4.14844
-4.1195
-4.1057
-4.12107
-4.16897
-4.24025
-4.32173
-4.39534
-4.44972
-4.47605
-4.47377
-4.44482
-4.39746
-4.33652
-4.27158
-4.2126
-4.17107
-4.15558
-4.17234
-4.21304
-4.26593
-4.31239
-4.34561
-4.35554
-4.34796
-4.33685
-4.33821
-4.36878
-4.42013
-4.47297
-4.50247
-4.49968
-4.47841
-4.47167
-4.49278
-4.51631
-4.51969
-4.49822
-4.45885
-4.41255
-4.36589
-4.32657
-4.30049
-4.28672
-4.28508
-4.29514
-4.31212
-4.33053
-4.34675
-4.35898
-4.36571
-4.37262
-4.38092
-4.39146
-4.4084
-4.42781
-4.44259
-4.44864
-4.44322
-4.4236
-4.39368
-4.35766
-4.32466
-4.30217
-4.29199
-4.29549
-4.30338
-4.31401
-4.33352
-4.36911
-4.41385
-4.44726
-4.45994
-4.45227
-4.43613
-4.41556
-4.39238
-4.36225
-4.32747
-4.29577
-4.28354
-4.29823
-4.33834
-4.38487
-4.43207
-4.47484
-4.5098
-4.53067
-4.53402
-4.51862
-4.48374
-4.43337
-4.37304
-4.31805
-4.28125
-4.26889
-4.2806
-4.30707
-4.33765
-4.35941
-4.35886
-4.33382
-4.29231
-4.2535
-4.23036
-4.22241
-4.21964
-4.2163
-4.20923
-4.19975
-4.19315
-4.19744
-4.21989
-4.26698
-4.32725
-4.38025
-4.40933
-4.41037
-4.38921
-4.35659
-4.32025
-4.28561
-4.25766
-4.23826
-4.23352
-4.24582
-4.27266
-4.31324
-4.36084
-4.4099
-4.45797
-4.4995
-4.52873
-4.5425
-4.53982
-4.5197
-4.48887
-4.45286
-4.42021
-4.39395
-4.37637
-4.36291
-4.35045
-4.33252
-4.30638
-4.27259
-4.24108
-4.22337
-4.23506
-4.27648
-4.33175
-4.38224
-4.41493
-4.42441
-4.4148
-4.39174
-4.3648
-4.34475
-4.33978
-4.36053
-4.40548
-4.46864
-4.53056
-4.57661
-4.59403
-4.57765
-4.53003
-4.46149
-4.39592
-4.35168
-4.33614
-4.33888
-4.34465
-4.3399
-4.31912
-4.28888
-4.25747
-4.23366
-4.22556
-4.23597
-4.26283
-4.3059
-4.36067
-4.42311
-4.48424
-4.53533
-4.57211
-4.59264
-4.59466
-4.58474
-4.57184
-4.55926
-4.5471
-4.52721
-4.49044
-4.43703
-4.37253
-4.30133
-4.23222
-4.1792
-4.15086
-4.14992
-4.17318
-4.2112
-4.25124
-4.28203
-4.29739
-4.29798
-4.29281
-4.29355
-4.29898
-4.30653
-4.30982
-4.30553
-4.29767
-4.29106
-4.29375
-4.30718
-4.32941
-4.35184
-4.37173
-4.38327
-4.38412
-4.3743
-4.34962
-4.31301
-4.26646
-4.2233
-4.19304
-4.18721
-4.20067
-4.22556
-4.25443
-4.28641
-4.324
-4.36813
-4.41533
-4.45523
-4.48193
-4.49499
-4.49267
-4.47851
-4.45516
-4.42299
-4.3829
-4.3375
-4.29051
-4.24845
-4.22114
-4.21826
-4.24663
-4.30418
-4.38208
-4.46668
-4.54204
-4.59707
-4.62661
-4.62891
-4.60637
-4.56264
-4.50356
-4.43848
-4.37438
-4.32068
-4.28411
-4.26747
-4.27692
-4.31752
-4.38188
-4.45339
-4.52056
-4.57023
-4.59329
-4.59235
-4.57063
-4.54114
-4.51473
-4.50674
-4.52329
-4.55841
-4.59557
-4.62018
-4.62575
-4.61104
-4.57854
-4.53549
-4.49122
-4.46348
-4.45119
-4.44603
-4.43999
-4.42774
-4.4071
-4.37791
-4.34075
-4.30381
-4.27233
-4.24704
-4.22582
-4.20564
-4.18669
-4.17304
-4.16832
-4.17274
-4.18767
-4.21343
-4.25129
-4.29952
-4.35453
-4.41401
-4.47304
-4.53
-4.578
-4.61129
-4.6201
-4.59956
-4.54494
-4.47033
-4.39251
-4.33383
-4.31162
-4.32016
-4.34548
-4.37723
-4.4035
-4.42062
-4.42337
-4.41437
-4.39418
-4.3693
-4.34189
-4.31638
-4.29859
-4.28456
-4.27298
-4.26459
-4.26341
-4.27141
-4.28556
-4.297
-4.29939
-4.2861
-4.2591
-4.23399
-4.2226
-4.23138
-4.25531
-4.28427
-4.31293
-4.34136
-4.36918
-4.3939
-4.41483
-4.42861
-4.43298
-4.42428
-4.40179
-4.36173
-4.31228
-4.27065
-4.26237
-4.29876
-4.37068
-4.4533
-4.52155
-4.55971
-4.56151
-4.53279
-4.48739
-4.44972
-4.43716
-4.45175
-4.47806
-4.49842
-4.50984
-4.51132
-4.50823
-4.49919
-4.48242
-4.45527
-4.42052
-4.38973
-4.36768
-4.35395
-4.33945
-4.31456
-4.28117
-4.25078
-4.23542
-4.23814
-4.25696
-4.28184
-4.30951
-4.33427
-4.35314
-4.3669
-4.37488
-4.37775
-4.37415
-4.36444
-4.34998
-4.33367
-4.32645
-4.33571
-4.36245
-4.40193
-4.43918
-4.46385
-4.46789
-4.44725
-4.40545
-4.35766
-4.31656
-4.29596
-4.29366
-4.30076
-4.30688
-4.30952
-4.31287
-4.32935
-4.36189
-4.40965
-4.46394
-4.51373
-4.54411
-4.54948
-4.52844
-4.48439
-4.42473
-4.36265
-4.30995
-4.27552
-4.26167
-4.25626
-4.25035
-4.23497
-4.20711
-4.17567
-4.1467
-4.1255
-4.11738
-4.12075
-4.13679
-4.16983
-4.21824
-4.27466
-4.32267
-4.35076
-4.35718
-4.34858
-4.33748
-4.33061
-4.32243
-4.30683
-4.27802
-4.24227
-4.2043
-4.17307
-4.14873
-4.13019
-4.12312
-4.13334
-4.16066
-4.20063
-4.24093
-4.27493
-4.29861
-4.31094
-4.3149
-4.32054
-4.33798
-4.36724
-4.4025
-4.43246
-4.45511
-4.4707
-4.47854
-4.47959
-4.47486
-4.46719
-4.45922
-4.45568
-4.4611
-4.48093
-4.51245
-4.5497
-4.58784
-4.6216
-4.64625
-4.66117
-4.66183
-4.65013
-4.62687
-4.59633
-4.55761
-4.50416
-4.43442
-4.356
-4.27732
-4.20983
-4.1597
-4.13102
-4.11954
-4.12332
-4.14116
-4.17726
-4.23262
-4.3004
-4.36654
-4.41385
-4.42968
-4.40942
-4.36215
-4.29909
-4.23381
-4.17789
-4.1381
-4.12074
-4.12685
-4.15215
-4.19276
-4.24458
-4.30643
-4.37325
-4.43676
-4.49072
-4.52986
-4.55585
-4.56662
-4.56245
-4.54726
-4.52094
-4.48669
-4.44556
-4.40119
-4.35931
-4.3346
-4.33642
-4.36252
-4.3974
-4.42628
-4.4401
-4.44087
-4.43076
-4.41538
-4.40248
-4.40373
-4.42005
-4.45013
-4.48556
-4.52203
-4.55714
