1.93952
1.93376
1.93288
1.93634
1.94008
1.94095
1.93908
1.93659
1.93547
1.93643
1.93885
1.94125
1.94323
1.94728
1.95729
1.97423
1.99463
2.01303
2.02488
2.0276
2.02056
2.00472
1.98255
1.95816
1.93689
1.92355
1.92087
1.92926
1.94693
1.9703
1.99524
2.01848
2.03816
2.05345
2.06414
2.0705
2.07281
2.07115
2.06625
2.0615
2.06353
2.07748
2.09958
2.11736
2.11835
2.09815
2.06299
2.02574
1.99739
1.98166
1.9774
1.98176
1.99054
1.99841
2.00092
1.99724
1.99169
1.99223
2.0053
2.03026
2.0587
2.07921
2.08276
2.06586
2.03144
1.98872
1.95114
1.92999
1.92622
1.93123
1.93556
1.93461
1.92818
1.91838
1.90827
1.90104
1.8992
1.90438
1.91676
1.93324
1.94677
1.94993
1.94051
1.92423
1.91215
1.91404
1.93289
1.96466
2.00153
2.0355
2.0608
2.07473
2.07659
2.06664
2.04714
2.02315
1.99975
1.97902
1.96051
1.94274
1.92335
1.90017
1.87323
1.84566
1.82299
1.81154
1.81598
1.83667
1.86919
1.90655
1.94201
1.97075
1.99084
2.00357
2.01262
2.0224
2.03576
2.05144
2.06406
2.0671
2.05594
2.02862
1.98664
1.93826
1.90115
1.8938
1.9173
1.9525
1.97845
1.98633
1.97944
1.9672
1.95926
1.96149
1.97442
1.99321
2.00983
2.01717
2.01297
2.00026
1.98286
1.96279
1.94481
1.93675
1.93951
1.94484
1.94559
1.94102
1.9337
1.92615
1.92032
1.91829
1.92194
1.93172
1.9461
1.96196
1.97534
1.98274
1.98231
1.97431
1.96081
1.94538
1.93242
1.92534
1.92395
1.92405
1.92049
1.91098
1.89743
1.88414
1.87539
1.87409
1.88198
1.89973
1.92637
1.95884
1.99259
2.02287
2.04518
2.05549
2.05096
2.03093
1.99763
1.95612
1.91381
1.87868
1.85696
1.85069
1.85741
1.87191
1.88834
1.90129
1.90679
1.90389
1.89498
1.88429
1.87601
1.87355
1.87895
1.89254
1.91289
1.93698
1.96025
1.977
1.98152
1.97021
1.94393
1.90916
1.87654
1.85677
1.85557
1.87124
1.89685
1.92551
1.95401
1.98235
2.0114
2.04102
2.06957
2.09399
2.11012
2.11383
2.10332
2.08087
2.05098
2.01609
1.9752
1.92746
1.8768
1.83196
1.80308
1.79936
1.82574
1.87632
1.93435
1.98225
2.01054
2.01902
2.01356
2.00245
1.99305
1.9884
1.9853
1.97753
1.9621
1.9419
1.92442
1.91988
1.93509
1.96371
1.98948
1.99992
1.99104
1.964
1.92282
1.87501
1.83083
1.79868
1.78058
1.77286
1.77055
1.77019
1.77075
1.77424
1.78407
1.80014
1.81644
1.82728
1.83431
1.84408
1.86012
1.88146
1.90673
1.93547
1.96591
1.99364
2.01295
2.01981
2.01371
1.99799
1.97876
1.96306
1.95625
1.95962
1.96983
1.98124
1.98954
1.99359
1.99374
1.98848
1.97441
1.9505
1.92116
1.89363
1.87305
1.85973
1.84985
1.83862
1.82256
1.79958
1.77343
1.76036
1.77712
1.81859
1.86368
1.89829
1.92012
1.93025
1.92788
1.91268
1.88984
1.87088
1.8665
1.87902
1.90305
1.93147
1.9589
1.98212
1.9994
2.0101
2.01432
2.01286
2.00717
1.99904
1.98929
1.9763
1.95672
1.92882
1.89571
1.86536
1.84761
1.84926
1.86955
1.89983
1.92863
1.94795
1.95611
1.95634
1.95367
1.95256
1.95586
1.96453
1.97802
1.99513
2.01466
2.03482
2.05263
2.06466
2.06878
2.06495
2.05572
2.0466
2.04455
2.05355
2.07096
2.08892
2.09916
2.09716
2.08398
2.0658
2.05044
2.04242
2.04149
2.04547
2.05245
2.06005
2.06467
2.06261
2.05193
2.03396
2.0135
1.99671
1.98791
1.98796
1.99418
2.00138
2.00418
1.9993
1.98589
1.9648
1.93772
1.90692
1.87511
1.8449
1.81796
1.79514
1.77775
1.76888
1.77303
1.79323
1.82777
1.86969
1.91038
1.94359
1.96694
1.98074
1.98642
1.98567
1.98085
1.97586
1.97598
1.9854
2.00425
2.02834
2.05202
2.07056
2.08116
2.08314
2.07799
2.06879
2.05895
2.05074
2.0447
2.04133
2.042
2.04597
2.04784
2.04131
2.0254
2.00507
1.98587
1.96897
1.9528
1.93772
1.9272
1.92516
1.93316
1.94965
1.97093
1.99281
2.0121
2.02701
2.03615
2.0377
2.02981
2.0121
1.98653
1.95717
1.9289
1.90594
1.89048
1.88198
1.8775
1.87325
1.86644
1.85608
1.84213
1.82456
1.80425
1.78516
1.77524
1.78326
1.81277
1.85927
1.91307
1.96325
2.00073
2.02013
2.02017
2.00291
1.97224
1.93273
1.88957
1.84926
1.81958
1.8077
1.81676
1.84336
1.87855
1.91166
1.93426
1.94242
1.93807
1.92951
1.9295
1.94757
1.98119
2.01654
2.03836
2.03912
2.02573
2.01926
2.03152
2.04822
2.05196
2.03931
2.01473
1.98407
1.95292
1.92625
1.90722
1.89677
1.89485
1.90067
1.91186
1.92458
1.93557
1.94362
1.94902
1.95297
1.95751
1.96488
1.97578
1.98833
1.99882
2.00341
1.99968
1.98721
1.96762
1.94433
1.92214
1.9061
1.89929
1.90061
1.90589
1.9128
1.92511
1.94816
1.97814
2.00243
2.01214
2.00825
1.99717
1.98388
1.96891
1.95001
1.92694
1.90542
1.89552
1.90362
1.92702
1.95799
1.99
2.01915
2.04268
2.05769
2.06156
2.05261
2.03061
1.99726
1.95755
1.92021
1.89446
1.88506
1.89103
1.90775
1.92814
1.94335
1.94514
1.93002
1.90303
1.87643
1.8602
1.85445
1.85327
1.85165
1.84742
1.841
1.83544
1.83638
1.85021
1.87941
1.91833
1.95456
1.9763
1.97884
1.96545
1.9433
1.91867
1.89531
1.87558
1.86215
1.85803
1.86492
1.88243
1.90875
1.94066
1.9741
2.00603
2.03372
2.05366
2.06331
2.06219
2.05084
2.03121
2.00761
1.98537
1.96801
1.95593
1.94727
1.93901
1.92773
1.9109
1.88891
1.86675
1.85384
1.85952
1.88518
1.92177
1.95624
1.97926
1.98737
1.98174
1.96669
1.94855
1.93433
1.93039
1.94188
1.97066
2.01186
2.05448
2.08674
2.10031
2.09145
2.06135
2.01721
1.97242
1.94116
1.92915
1.93035
1.93372
1.93074
1.91822
1.89814
1.87637
1.85986
1.8535
1.85896
1.87595
1.90366
1.94027
1.98196
2.02336
2.05897
2.08454
2.09804
2.10017
2.09431
2.08527
2.07668
2.06808
2.05488
2.03201
1.99768
1.95416
1.9063
1.86027
1.82314
1.80153
1.79874
1.81284
1.83757
1.86458
1.88609
1.89726
1.89832
1.89491
1.89401
1.89796
1.90358
1.90652
1.90472
1.89952
1.89508
1.89596
1.90413
1.91788
1.93347
1.94693
1.95525
1.95692
1.95109
1.93631
1.91205
1.8815
1.85195
1.83186
1.82645
1.83474
1.85097
1.86989
1.89053
1.91509
1.94443
1.97568
2.00352
2.02304
2.03191
2.03076
2.02169
2.00648
1.98579
1.95976
1.92949
1.89786
1.86959
1.8506
1.84714
1.86365
1.90023
1.9513
2.00736
2.05846
2.09699
2.11877
2.12259
2.10935
2.08157
2.04317
1.99948
1.95664
1.92024
1.89435
1.8821
1.88709
1.91165
1.95264
2.00098
2.04609
2.07967
2.09706
2.0976
2.08449
2.06427
2.04619
2.03989
2.05015
2.07284
2.09777
2.11537
2.12045
2.11195
2.09133
2.06274
2.03439
2.01469
2.00545
2.00197
1.99857
1.99151
1.97869
1.9596
1.93583
1.91106
1.88941
1.87261
1.85893
1.84561
1.83252
1.82253
1.81834
1.82064
1.8295
1.84577
1.87021
1.90204
1.93896
1.9783
2.01784
2.05553
2.08843
2.11188
2.12
2.10787
2.07451
2.02537
1.97287
1.9326
1.9149
1.91875
1.93539
1.95594
1.97424
1.98605
1.98911
1.98331
1.97051
1.95356
1.93571
1.91981
1.90721
1.89744
1.88954
1.88393
1.8826
1.88699
1.8956
1.90371
1.90541
1.89698
1.88001
1.8621
1.85311
1.85777
1.87283
1.89209
1.91166
1.9304
1.94824
1.9648
1.97889
1.98871
1.99234
1.98803
1.974
1.94922
1.91676
1.88768
1.87882
1.90075
1.94756
2.0024
2.04883
2.07603
2.07976
2.06235
2.03286
2.00592
1.99558
2.00443
2.02194
2.03647
2.04394
2.04594
2.0445
2.03934
2.02853
2.01095
1.98886
1.96798
1.95337
1.94436
1.93463
1.91865
1.89706
1.87645
1.86462
1.8654
1.87675
1.89366
1.91175
1.92831
1.94176
1.95133
1.95694
1.95881
1.95691
1.95086
1.94108
1.93051
1.92478
1.92951
1.94653
1.97199
1.99789
2.01563
2.01921
2.0067
1.98075
1.94867
1.92063
1.90486
1.90245
1.9073
1.91213
1.91427
1.91685
1.92588
1.94597
1.97695
2.01326
2.04634
2.06824
2.07398
2.06207
2.03428
1.9956
1.95401
1.91837
1.89488
1.88399
1.88038
1.87627
1.86588
1.8482
1.82673
1.80679
1.79265
1.78597
1.78701
1.7969
1.81784
1.84982
1.8872
1.92009
1.94005
1.94505
1.93992
1.93214
1.92625
1.92089
1.91118
1.89358
1.86936
1.84376
1.82174
1.80473
1.79246
1.78678
1.79175
1.80896
1.83444
1.86148
1.88482
1.90147
1.91041
1.91374
1.91754
1.92856
1.94794
1.97083
1.99171
2.00775
2.01829
2.02352
2.02404
2.02087
2.01557
2.01022
2.00761
2.01105
2.02307
2.0434
2.06852
2.09375
2.11586
2.13325
2.14409
2.14601
2.13837
2.12351
2.10383
2.07827
2.04367
1.9989
1.94702
1.89427
1.84771
1.81276
1.79148
1.78271
1.78418
1.79533
1.81803
1.85354
1.89833
1.94306
1.97622
1.98898
1.9785
1.94845
1.90702
1.86347
1.82524
1.79762
1.7843
1.78657
1.80246
1.82865
1.86296
1.90379
1.94786
1.99032
2.02686
2.05489
2.07322
2.08141
2.07968
2.06914
2.05167
2.02916
2.0027
1.97345
1.94543
1.92688
1.92595
1.94228
1.96578
1.98559
1.99647
1.99796
1.99183
1.98152
1.97262
1.97158
1.98178
2.00117
2.0249
2.04925
2.0731
