-1.44045
-1.4425
-1.44347
-1.44458
-1.44459
-1.44394
-1.44414
-1.44514
-1.44468
-1.44497
-1.44402
-1.44392
-1.44308
-1.44358
-1.44406
-1.44551
-1.44559
-1.44412
-1.44348
-1.44127
-1.44015
-1.43974
-1.43939
-1.43948
-1.44068
-1.4411
-1.44339
-1.44526
-1.44549
-1.44464
-1.44502
-1.44549
-1.44562
-1.44493
-1.4426
-1.44183
-1.44319
-1.44337
-1.44186
-1.44252
-1.44396
-1.44541
-1.44499
-1.44365
-1.4399
-1.43744
-1.43603
-1.43541
-1.43662
-1.43894
-1.44015
-1.44114
-1.44047
-1.44097
-1.43892
-1.43822
-1.43991
-1.44147
-1.44321
-1.44476
-1.4448
-1.44276
-1.44099
-1.43815
-1.43733
-1.43714
-1.43976
-1.44186
-1.44436
-1.44496
-1.44525
-1.44421
-1.44247
-1.44266
-1.44273
-1.44354
-1.4445
-1.44593
-1.44716
-1.44849
-1.44662
-1.44439
-1.44444
-1.44381
-1.44611
-1.44895
-1.45131
-1.4531
-1.45243
-1.45129
-1.44985
-1.44837
-1.44715
-1.44564
-1.44503
-1.44467
-1.44502
-1.44481
-1.44353
-1.44332
-1.44348
-1.44177
-1.44184
-1.44246
-1.44387
-1.44435
-1.44614
-1.44847
-1.44969
-1.44999
-1.4506
-1.45072
-1.44945
-1.44845
-1.44857
-1.44944
-1.44939
-1.44938
-1.44791
-1.44528
-1.44277
-1.44065
-1.43891
-1.44024
-1.44366
-1.44852
-1.45114
-1.44962
-1.44746
-1.44478
-1.44312
-1.4418
-1.44259
-1.44491
-1.44593
-1.4468
-1.44505
-1.44378
-1.44099
-1.43948
-1.43744
-1.43699
-1.43827
-1.43892
-1.43983
-1.43857
-1.43738
-1.43691
-1.43824
-1.43776
-1.43849
-1.43908
-1.43987
-1.44192
-1.44239
-1.44169
-1.44009
-1.43779
-1.43794
-1.43709
-1.43592
-1.43583
-1.43699
-1.43888
-1.44052
-1.4409
-1.4396
-1.43892
-1.43925
-1.43982
-1.44001
-1.44054
-1.44019
-1.44225
-1.44383
-1.44481
-1.44521
-1.44446
-1.44368
-1.44221
-1.43911
-1.4375
-1.43524
-1.43503
-1.43482
-1.43679
-1.43773
-1.43964
-1.44226
-1.44264
-1.44262
-1.44217
-1.44164
-1.4399
-1.43993
-1.44002
-1.44054
-1.44131
-1.44272
-1.44372
-1.44452
-1.44429
-1.44433
-1.44135
-1.43854
-1.43595
-1.43455
-1.43484
-1.4361
-1.43912
-1.44241
-1.44428
-1.44575
-1.44539
-1.44562
-1.44733
-1.44731
-1.4476
-1.44707
-1.44644
-1.44498
-1.44303
-1.44129
-1.44077
-1.43935
-1.43782
-1.43678
-1.43608
-1.43476
-1.43677
-1.43951
-1.44342
-1.44764
-1.44992
-1.44947
-1.44813
-1.44527
-1.44222
-1.4417
-1.44243
-1.44293
-1.44292
-1.44264
-1.44125
-1.43989
-1.43925
-1.44031
-1.44379
-1.44571
-1.44691
-1.44494
-1.44198
-1.43925
-1.43754
-1.43443
-1.43349
-1.43574
-1.4379
-1.43949
-1.44017
-1.43974
-1.43927
-1.43965
-1.44054
-1.44073
-1.44128
-1.44148
-1.43968
-1.43933
-1.44063
-1.4417
-1.4431
-1.44517
-1.44621
-1.44752
-1.44649
-1.44528
-1.44282
-1.44182
-1.44233
-1.44224
-1.44253
-1.44484
-1.44635
-1.44753
-1.44758
-1.44725
-1.44756
-1.44648
-1.44509
-1.44371
-1.44323
-1.44194
-1.44243
-1.44378
-1.44463
-1.44533
-1.44451
-1.44312
-1.44167
-1.44222
-1.44529
-1.45106
-1.4528
-1.45123
-1.44912
-1.44671
-1.44388
-1.44205
-1.44157
-1.44036
-1.44257
-1.44519
-1.4474
-1.44852
-1.44959
-1.44807
-1.44833
-1.44646
-1.44395
-1.44272
-1.44152
-1.44028
-1.43942
-1.43942
-1.43882
-1.43805
-1.43767
-1.43609
-1.43701
-1.44111
-1.44343
-1.44658
-1.44666
-1.44504
-1.44453
-1.44379
-1.44346
-1.44372
-1.44409
-1.44593
-1.44656
-1.44689
-1.44809
-1.44894
-1.44943
-1.44954
-1.44815
-1.44599
-1.44645
-1.44586
-1.4454
-1.44723
-1.44885
-1.44984
-1.44844
-1.44618
-1.44293
-1.44211
-1.44187
-1.44325
-1.44412
-1.44501
-1.44543
-1.44647
-1.44539
-1.44477
-1.44309
-1.44166
-1.4427
-1.44269
-1.44473
-1.44594
-1.44667
-1.44661
-1.44598
-1.44514
-1.44417
-1.44202
-1.44069
-1.44042
-1.43932
-1.43879
-1.43875
-1.43856
-1.4382
-1.43846
-1.44009
-1.44328
-1.44494
-1.44647
-1.44746
-1.44667
-1.44557
-1.44513
-1.44395
-1.44151
-1.44146
-1.44218
-1.44272
-1.4427
-1.44574
-1.44643
-1.446
-1.44445
-1.44461
-1.44285
-1.44254
-1.4429
-1.44289
-1.44423
-1.44561
-1.44474
-1.44465
-1.44546
-1.44591
-1.44532
-1.44365
-1.44255
-1.44181
-1.44174
-1.44196
-1.44247
-1.44195
-1.44224
-1.44387
-1.44652
-1.44874
-1.44835
-1.44799
-1.44622
-1.4456
-1.44339
-1.44344
-1.44194
-1.44148
-1.44074
-1.44072
-1.4396
-1.44064
-1.4427
-1.44325
-1.4452
-1.44466
-1.44476
-1.44271
-1.44232
-1.44195
-1.44206
-1.44175
-1.44284
-1.44617
-1.44981
-1.45134
-1.45213
-1.45047
-1.44862
-1.44586
-1.44351
-1.44045
-1.43911
-1.43743
-1.43722
-1.43872
-1.44171
-1.44402
-1.44721
-1.448
-1.4481
-1.44489
-1.44422
-1.4419
-1.44085
-1.44258
-1.44395
-1.44742
-1.44834
-1.44816
-1.44493
-1.441
-1.43981
-1.44278
-1.4455
-1.44399
-1.44174
-1.43927
-1.43675
-1.43645
-1.43651
-1.4372
-1.43967
-1.44157
-1.44281
-1.44413
-1.44434
-1.44365
-1.44339
-1.44356
-1.44217
-1.44316
-1.44466
-1.44414
-1.44473
-1.4453
-1.44436
-1.44353
-1.44371
-1.44278
-1.44225
-1.44116
-1.44145
-1.44301
-1.44306
-1.44457
-1.44455
-1.4448
-1.44585
-1.44687
-1.44664
-1.44361
-1.44174
-1.43988
-1.44037
-1.43974
-1.43902
-1.43723
-1.43706
-1.43764
-1.44026
-1.4428
-1.44782
-1.44789
-1.44707
-1.44611
-1.44579
-1.44413
-1.44168
-1.43971
-1.43783
-1.43749
-1.43672
-1.43774
-1.43956
-1.4413
-1.44405
-1.44544
-1.44545
-1.44439
-1.44116
-1.4388
-1.43778
-1.43886
-1.44006
-1.44074
-1.43974
-1.43882
-1.4381
-1.43825
-1.43999
-1.44288
-1.44458
-1.44786
-1.44975
-1.44841
-1.44488
-1.4421
-1.44103
-1.44165
-1.44225
-1.44264
-1.44429
-1.44504
-1.44648
-1.44844
-1.44901
-1.45011
-1.44986
-1.44875
-1.44892
-1.44891
-1.44824
-1.44753
-1.44654
-1.44345
-1.44205
-1.44145
-1.44217
-1.44194
-1.44247
-1.442
-1.44194
-1.44093
-1.44003
-1.43923
-1.44096
-1.4426
-1.44578
-1.44871
-1.44911
-1.44788
-1.44604
-1.44336
-1.44219
-1.44171
-1.44197
-1.44325
-1.4442
-1.44771
-1.44949
-1.45085
-1.44884
-1.4465
-1.44357
-1.44048
-1.43801
-1.43567
-1.43729
-1.43994
-1.44242
-1.44336
-1.44407
-1.44378
-1.44179
-1.44167
-1.44291
-1.44388
-1.44531
-1.44753
-1.4489
-1.4504
-1.45027
-1.45016
-1.4492
-1.44688
-1.44529
-1.44558
-1.4444
-1.44328
-1.44393
-1.44424
-1.44498
-1.44489
-1.44243
-1.44051
-1.4413
-1.44188
-1.44181
-1.44449
-1.44856
-1.45182
-1.45392
-1.45485
-1.45436
-1.45289
-1.45151
-1.4505
-1.45045
-1.45254
-1.45204
-1.45115
-1.45005
-1.44845
-1.44838
-1.44845
-1.4498
-1.45099
-1.4526
-1.45163
-1.45133
-1.45041
-1.44874
-1.44766
-1.44516
-1.44494
-1.44421
-1.44538
-1.44525
-1.44752
-1.44857
-1.44909
-1.4496
-1.45062
-1.45136
-1.45148
-1.45181
-1.44995
-1.44737
-1.44712
-1.44653
-1.44597
-1.44543
-1.44431
-1.44326
-1.44327
-1.44371
-1.44407
-1.44523
-1.44755
-1.45114
-1.45383
-1.45513
-1.45564
-1.45434
-1.45158
-1.44845
-1.44503
-1.44234
-1.44029
-1.4388
-1.43926
-1.43942
-1.44031
-1.4426
-1.44432
-1.44628
-1.45003
-1.45292
-1.45192
-1.45143
-1.45073
-1.4477
-1.44594
-1.4439
-1.44475
-1.44545
-1.4469
-1.44806
-1.44915
-1.44892
-1.44713
-1.44508
-1.44312
-1.44155
-1.44138
-1.43964
-1.44144
-1.44302
-1.44308
-1.44214
-1.44047
-1.43907
-1.4385
-1.437
-1.43721
-1.43822
-1.43812
-1.43743
-1.43723
-1.43791
-1.43924
-1.44082
-1.44178
-1.44342
-1.44477
-1.44597
-1.44646
-1.4461
-1.44656
-1.44628
-1.44671
-1.44536
-1.44347
-1.4401
-1.43776
-1.43318
-1.43227
-1.43321
-1.43493
-1.43927
-1.44202
-1.4424
-1.44333
-1.44215
-1.44154
-1.43971
-1.4394
-1.43842
-1.43897
-1.43833
-1.43667
-1.43776
-1.4384
-1.43866
-1.4387
-1.4395
-1.44093
-1.44215
-1.44143
-1.44128
-1.44064
-1.43909
-1.44085
-1.44294
-1.44473
-1.44607
-1.44614
-1.44544
-1.44576
-1.44682
-1.4467
-1.4465
-1.44554
-1.44447
-1.44223
-1.44079
-1.43791
-1.43714
-1.43914
-1.44415
-1.44764
-1.44934
-1.4497
-1.4483
-1.44566
-1.44186
-1.43926
-1.4381
-1.44084
-1.44378
-1.4451
-1.44515
-1.44372
-1.44393
-1.44241
-1.44148
-1.44018
-1.43963
-1.43885
-1.43722
-1.43776
-1.43762
-1.43742
-1.4375
-1.43659
-1.43558
-1.4361
-1.43849
-1.44004
-1.44183
-1.44136
-1.44189
-1.44181
-1.44051
-1.4399
-1.43948
-1.43953
-1.43878
-1.43815
-1.43836
-1.4379
-1.43929
-1.44144
-1.44265
-1.44394
-1.44236
-1.4404
-1.43907
-1.43721
-1.43432
-1.43466
-1.43561
-1.43867
-1.43999
-1.43982
-1.43869
-1.43811
-1.4376
-1.44054
-1.44293
-1.44423
-1.44405
-1.44422
-1.44175
-1.43851
-1.43533
-1.43297
-1.43133
-1.43163
-1.43239
-1.43321
-1.43569
-1.43569
-1.43595
-1.43616
-1.43481
-1.43558
-1.43652
-1.43653
-1.43843
-1.44024
-1.44144
-1.44307
-1.44351
-1.44385
-1.44252
-1.44068
-1.4396
-1.43871
-1.43927
-1.44124
-1.4411
-1.44007
-1.43765
-1.43824
-1.43866
-1.44046
-1.44163
-1.4415
-1.44296
-1.44572
-1.44721
-1.44896
-1.4487
-1.4477
-1.44641
-1.44533
-1.44429
-1.44423
-1.44514
-1.44533
-1.44626
-1.4449
-1.44348
-1.44327
-1.44326
-1.44353
-1.44355
-1.44383
-1.44389
-1.44426
-1.44452
-1.44632
-1.44735
-1.44692
-1.44722
-1.44781
-1.44638
-1.44504
-1.44282
-1.44258
-1.4416
-1.44059
-1.4402
-1.43866
-1.43607
-1.43546
-1.43592
-1.43827
-1.44057
-1.4438
-1.44548
-1.44705
-1.44816
-1.45022
-1.45232
-1.45291
-1.45195
-1.44952
-1.44621
-1.44167
-1.43948
-1.43856
-1.4386
-1.44003
-1.44166
-1.44429
-1.447
-1.44846
-1.44978
-1.45013
-1.45075
-1.45146
-1.45128
-1.45044
-1.44753
-1.44602
-1.4445
-1.44292
-1.44355
-1.44344
-1.44294
-1.44151
-1.44101
-1.44118
-1.44428
-1.44749
-1.44911
-1.44873
-1.4479
-1.44539
-1.44393
-1.44302
-1.4431
-1.44356
-1.44635
-1.44739
-1.44838
-1.44821
-1.44816
-1.44748
