1.9136
1.92967
1.94671
1.96116
1.96807
1.96447
1.9516
1.93428
1.91896
1.91144
1.91434
1.92609
1.9423
1.95849
1.9722
1.98303
1.99138
1.99731
2.00027
1.9994
1.99426
1.98572
1.97632
1.96874
1.96402
1.96225
1.96606
1.98005
2.00323
2.02576
2.03643
2.02998
2.00805
1.9776
1.94838
1.92928
1.92469
1.93348
1.95115
1.97293
1.99626
2.02092
2.0469
2.07219
2.09305
2.10639
2.11141
2.10893
2.10003
2.08484
2.06294
2.0351
2.00484
1.97805
1.96083
1.95624
1.96182
1.97052
1.97437
1.96845
1.95309
1.93336
1.91616
1.90753
1.91041
1.92275
1.93908
1.95478
1.9677
1.97668
1.98029
1.97773
1.97052
1.96284
1.95952
1.96343
1.97415
1.98852
2.00278
2.01474
2.0239
2.02991
2.03051
2.02091
1.9968
1.96006
1.92138
1.8945
1.88514
1.88883
1.89787
1.90586
1.90847
1.90401
1.89306
1.87648
1.8536
1.82315
1.78633
1.74823
1.71516
1.69095
1.67699
1.67557
1.68977
1.71864
1.75597
1.7953
1.83303
1.86661
1.89215
1.90478
1.90081
1.87968
1.84495
1.80367
1.76372
1.73033
1.70508
1.68892
1.68498
1.69692
1.7249
1.76497
1.81136
1.85817
1.90006
1.93284
1.95393
1.96272
1.96119
1.95428
1.94757
1.94294
1.9386
1.93448
1.93406
1.93951
1.94901
1.96208
1.98345
2.01503
2.04977
2.07967
2.10151
2.1139
2.1142
2.09981
2.07086
2.03139
1.98795
1.94713
1.9139
1.89114
1.87957
1.87714
1.87876
1.87793
1.87016
1.8555
1.83791
1.82273
1.81372
1.81146
1.81423
1.82075
1.83182
1.84892
1.87043
1.88975
1.89809
1.88973
1.86497
1.82927
1.79015
1.75329
1.72064
1.69228
1.66978
1.65693
1.65741
1.67213
1.69879
1.73299
1.76933
1.80163
1.82306
1.82777
1.81384
1.78543
1.75228
1.72635
1.71697
1.72647
1.74936
1.77719
1.80414
1.82899
1.85319
1.87772
1.90157
1.92204
1.93574
1.93951
1.93151
1.91252
1.88623
1.85812
1.83374
1.8174
1.81163
1.81728
1.83292
1.85424
1.87499
1.88962
1.89567
1.89425
1.88916
1.88467
1.88356
1.88677
1.89472
1.90811
1.92699
1.94941
1.97165
1.98998
2.00242
2.00907
2.0114
2.01174
2.01218
2.01234
2.0082
1.99459
1.96876
1.93182
1.88826
1.8453
1.81178
1.79565
1.80053
1.82346
1.85633
1.89058
1.9212
1.94712
1.96896
1.98621
1.99626
1.99515
1.9801
1.95249
1.91899
1.88727
1.86048
1.83832
1.82187
1.81433
1.8175
1.82838
1.83999
1.84647
1.84709
1.84479
1.84163
1.83728
1.83168
1.82769
1.83069
1.84537
1.87259
1.90857
1.94665
1.97991
2.00274
2.01155
2.00532
1.98616
1.95984
1.93463
1.91774
1.91102
1.91067
1.91157
1.9117
1.91241
1.91581
1.92321
1.93496
1.95023
1.96622
1.97812
1.98077
1.9719
1.95456
1.93625
1.92472
1.9242
1.9339
1.94855
1.96045
1.96327
1.95528
1.93958
1.92195
1.90832
1.90232
1.90376
1.90876
1.91173
1.90784
1.89433
1.87129
1.84173
1.81021
1.78048
1.75448
1.73339
1.71914
1.71475
1.72378
1.74869
1.78898
1.84039
1.89554
1.94572
1.98317
2.00314
2.00451
1.98935
1.96258
1.93215
1.9081
1.89836
1.90359
1.91723
1.93098
1.93976
1.9429
1.94209
1.93865
1.93206
1.92002
1.89992
1.87081
1.83512
1.79852
1.76766
1.74774
1.74224
1.7528
1.77751
1.81049
1.84452
1.87433
1.89742
1.91294
1.91981
1.9156
1.897
1.86258
1.81763
1.77749
1.76031
1.77033
1.79565
1.8234
1.84767
1.86725
1.88245
1.89376
1.90143
1.90551
1.90551
1.90003
1.88708
1.86619
1.84224
1.82638
1.82743
1.8407
1.8533
1.8579
1.85694
1.85824
1.86921
1.8923
1.92322
1.95341
1.97446
1.9811
1.97215
1.9513
1.92884
1.91963
1.93317
1.9646
1.99904
2.02312
2.03121
2.02528
2.01189
1.9978
1.98633
1.97713
1.9688
1.96063
1.95271
1.94572
1.94115
1.94036
1.94263
1.94567
1.94888
1.95488
1.96578
1.9797
1.99236
2.00119
2.00712
2.01349
2.02347
2.03728
2.05138
2.06
2.05725
2.03786
1.99812
1.93976
1.87599
1.82978
1.81598
1.82833
1.85023
1.86879
1.87867
1.88073
1.87957
1.8808
1.88798
1.899
1.90756
1.91109
1.914
1.92113
1.9312
1.939
1.94156
1.94049
1.93896
1.93828
1.93767
1.93603
1.9328
1.9278
1.92132
1.91467
1.91029
1.91022
1.91421
1.91924
1.921
1.91651
1.90614
1.89381
1.88546
1.88757
1.90439
1.93354
1.96641
1.99447
2.01322
2.0212
2.01775
2.0025
1.97656
1.94386
1.91106
1.88504
1.86903
1.86138
1.8584
1.85823
1.86207
1.87263
1.89098
1.91423
1.93647
1.95295
1.96335
1.97131
1.98151
1.99674
2.01627
2.03586
2.04954
2.05187
2.03975
2.01346
1.97718
1.93741
1.89932
1.86454
1.83311
1.80612
1.78491
1.76985
1.76245
1.76697
1.78703
1.82113
1.86302
1.90507
1.94023
1.96278
1.96935
1.96029
1.93987
1.91442
1.88971
1.86926
1.85431
1.84496
1.84216
1.84935
1.87048
1.90538
1.94788
1.98961
2.02437
2.04882
2.06152
2.06251
2.05338
2.03676
2.01567
1.99335
1.9733
1.95862
1.9505
1.94749
1.94639
1.94386
1.93736
1.9255
1.90822
1.88712
1.86591
1.85009
1.8452
1.8537
1.87287
1.89604
1.9161
1.92843
1.93159
1.92649
1.91531
1.90085
1.88621
1.87449
1.86835
1.86909
1.87563
1.88395
1.88875
1.8862
1.87443
1.85231
1.81949
1.77739
1.72902
1.68009
1.64186
1.62851
1.64669
1.69
1.74553
1.80247
1.8545
1.89802
1.92987
1.94738
1.95013
1.94065
1.92276
1.89907
1.87044
1.83764
1.80353
1.77351
1.75354
1.7474
1.75533
1.77392
1.79771
1.82164
1.84277
1.8604
1.87493
1.88626
1.89328
1.89455
1.8895
1.87897
1.8657
1.85407
1.84759
1.84645
1.84864
1.85389
1.8647
1.88306
1.90783
1.93533
1.96038
1.97676
1.97921
1.96568
1.93828
1.90264
1.86578
1.83346
1.8081
1.7886
1.7727
1.76174
1.76325
1.78406
1.82043
1.86172
1.90032
1.93363
1.96084
1.98136
1.99517
2.00313
2.00611
2.00438
1.99825
1.98933
1.98088
1.97659
1.97803
1.98353
1.98981
1.99418
1.99554
1.99406
1.99071
1.98703
1.98457
1.98341
1.98111
1.97428
1.9619
1.94557
1.92721
1.90772
1.88753
1.86766
1.85025
1.83789
1.83191
1.83155
1.83584
1.84562
1.86242
1.8848
1.9081
1.92823
1.94404
1.9563
1.9658
1.97239
1.97506
1.97257
1.96416
1.94944
1.92813
1.90022
1.86671
1.83023
1.79477
1.76484
1.745
1.7399
1.75357
1.78585
1.82978
1.87501
1.91407
1.94444
1.96591
1.97812
1.98124
1.97742
1.97051
1.96441
1.96179
1.96369
1.96998
1.97954
1.99014
1.99897
2.00394
2.00501
2.00332
1.99848
1.98794
1.96928
1.94313
1.9144
1.89114
1.87992
1.881
1.8885
1.89565
1.89936
1.90129
1.90567
1.91489
1.92592
1.93192
1.9274
1.91198
1.89098
1.8723
1.8626
1.86534
1.88019
1.9037
1.93178
1.96187
1.9923
2.01959
2.03757
2.03997
2.024
1.99253
1.95422
1.92107
1.90328
1.9038
1.91796
1.93823
1.95897
1.97771
1.99434
2.00972
2.02462
2.03847
2.04838
2.04953
2.03785
2.01413
1.98614
1.96516
1.95797
1.96289
1.97377
1.98634
2.00045
2.01674
2.03272
2.04297
2.04296
2.03239
2.01543
1.99864
1.98838
1.9882
1.99638
2.00647
2.01163
2.00865
1.9983
1.9828
1.96341
1.94032
1.91445
1.88862
1.86578
1.84584
1.82689
1.8101
1.80098
1.80571
1.82623
1.85845
1.89465
1.92769
1.95369
1.97209
1.98394
1.99
1.98991
1.98318
1.97104
1.95677
1.94336
1.93111
1.9176
1.90017
1.8781
1.85274
1.82662
1.80254
1.78326
1.77104
1.76688
1.76986
1.77755
1.78681
1.79407
1.79582
1.7917
1.78821
1.79491
1.81428
1.84015
1.86538
1.88648
1.90341
1.9185
1.93482
1.95433
1.97669
1.99988
2.02135
2.03879
2.04997
2.05247
2.04403
2.02391
1.9941
1.95945
1.92591
1.89832
1.87904
1.86861
1.86731
1.87596
1.89514
1.9238
1.95856
1.99441
2.02633
2.04993
2.06029
2.05214
2.02365
1.98035
1.93497
1.90115
1.88338
1.87521
1.86919
1.86407
1.8629
1.868
1.87828
1.88979
1.89854
1.90306
1.90462
1.90506
1.90425
1.89941
1.88758
1.87081
1.85938
1.86413
1.88366
1.90549
1.91781
1.91558
1.89996
1.87564
1.84719
1.81699
1.78677
1.75996
1.73902
1.72007
1.69643
1.66871
1.64675
1.64226
1.66062
1.69837
1.74682
1.79755
1.84585
1.88984
1.92662
1.95077
1.95697
1.94292
1.91096
1.86915
1.83058
1.80662
1.79924
1.80252
1.8097
1.81687
1.8235
1.83089
1.84035
1.85246
1.86688
1.88206
1.8961
1.90791
1.91735
1.92427
1.92815
1.92885
1.92735
1.92532
1.92364
1.92138
1.91657
1.9083
1.89816
1.88928
1.88373
1.88068
1.87737
1.87212
1.86639
1.86385
1.86718
1.87689
1.89245
1.91221
1.93194
1.94594
1.95032
1.94532
1.93473
1.9239
1.91765
1.91871
1.92661
1.93803
1.94871
1.95646
1.96279
1.97113
1.98202
1.99103
1.9942
1.99575
2.00907
2.04352
2.09145
2.136
2.1648
2.1718
2.15431
2.1125
2.05157
1.98421
1.92743
1.89165
1.87378
1.86342
1.85213
1.83715
1.82213
1.81431
1.81809
1.83232
1.85302
1.87568
1.8965
1.9141
1.92982
1.94523
1.95964
1.97041
1.97486
1.97159
1.96104
1.94575
1.93009
1.91855
1.91338
1.91329
1.9148
1.91521
1.91439
1.91366
1.9139
1.91553
1.91896
