-1.51153
-1.51013
-1.5105
-1.5094
-1.50718
-1.50711
-1.50649
-1.5068
-1.50822
-1.51047
-1.5123
-1.51376
-1.51343
-1.51362
-1.51272
-1.51489
-1.51408
-1.51399
-1.51333
-1.51375
-1.51389
-1.5128
-1.51337
-1.51303
-1.5136
-1.51401
-1.5148
-1.51724
-1.51782
-1.51702
-1.51417
-1.50962
-1.50851
-1.50816
-1.50763
-1.5101
-1.51352
-1.5152
-1.51505
-1.51433
-1.5139
-1.51338
-1.51468
-1.51399
-1.51272
-1.51207
-1.51057
-1.5106
-1.51164
-1.51217
-1.51132
-1.5111
-1.50967
-1.51208
-1.51373
-1.51648
-1.5175
-1.51819
-1.51665
-1.51492
-1.51353
-1.51403
-1.51466
-1.51569
-1.51798
-1.51883
-1.51793
-1.5161
-1.51498
-1.51519
-1.51413
-1.51234
-1.51315
-1.51379
-1.51506
-1.51589
-1.51746
-1.51738
-1.51698
-1.51656
-1.51629
-1.51525
-1.51409
-1.51137
-1.50867
-1.50836
-1.50942
-1.51211
-1.51409
-1.51572
-1.51489
-1.51326
-1.51103
-1.50878
-1.50895
-1.5087
-1.50763
-1.50771
-1.50618
-1.50577
-1.50799
-1.50854
-1.51308
-1.5148
-1.51707
-1.52005
-1.51937
-1.51901
-1.51888
-1.51813
-1.51623
-1.51393
-1.5119
-1.50845
-1.50678
-1.50571
-1.50689
-1.50882
-1.51069
-1.51089
-1.51367
-1.51664
-1.5191
-1.52091
-1.52107
-1.52112
-1.5191
-1.51718
-1.51562
-1.51432
-1.51341
-1.51295
-1.51282
-1.51407
-1.5137
-1.51231
-1.51285
-1.51243
-1.51362
-1.5128
-1.51428
-1.51555
-1.51541
-1.51462
-1.51452
-1.51277
-1.51116
-1.50872
-1.50692
-1.5051
-1.50416
-1.50455
-1.50628
-1.50737
-1.50971
-1.50953
-1.51051
-1.50937
-1.50837
-1.50653
-1.50547
-1.50667
-1.50621
-1.50696
-1.50816
-1.50723
-1.50867
-1.50941
-1.5104
-1.50843
-1.50664
-1.50597
-1.50386
-1.50238
-1.50333
-1.50391
-1.50349
-1.50495
-1.50656
-1.50775
-1.50991
-1.51238
-1.51399
-1.515
-1.5153
-1.51383
-1.51212
-1.50826
-1.5061
-1.50462
-1.50504
-1.50701
-1.5102
-1.51243
-1.5142
-1.51495
-1.51461
-1.51394
-1.512
-1.51278
-1.51203
-1.512
-1.51087
-1.50948
-1.5074
-1.50689
-1.50608
-1.50658
-1.50768
-1.51004
-1.51053
-1.5128
-1.51282
-1.51317
-1.51258
-1.51197
-1.51054
-1.51029
-1.5098
-1.51017
-1.51034
-1.51056
-1.51117
-1.51324
-1.51351
-1.51316
-1.51113
-1.50973
-1.50957
-1.50879
-1.50847
-1.50762
-1.50785
-1.50876
-1.50646
-1.50578
-1.50516
-1.50242
-1.50241
-1.50427
-1.50534
-1.51021
-1.51404
-1.51541
-1.51508
-1.51492
-1.51406
-1.51204
-1.51098
-1.5115
-1.51055
-1.50934
-1.50798
-1.50608
-1.50664
-1.50882
-1.5094
-1.51087
-1.51181
-1.51414
-1.51655
-1.51718
-1.51671
-1.51619
-1.51673
-1.51547
-1.51671
-1.51497
-1.51508
-1.51633
-1.51813
-1.51932
-1.52069
-1.52134
-1.52002
-1.5194
-1.51673
-1.51493
-1.51245
-1.51075
-1.50911
-1.5092
-1.5091
-1.51027
-1.51061
-1.51114
-1.51229
-1.51332
-1.5134
-1.51345
-1.51407
-1.51322
-1.51222
-1.51236
-1.51037
-1.50739
-1.50652
-1.50827
-1.5096
-1.5098
-1.5113
-1.51173
-1.51071
-1.50802
-1.5064
-1.50523
-1.50651
-1.50794
-1.51008
-1.51141
-1.51255
-1.51241
-1.51125
-1.50928
-1.50819
-1.50667
-1.50582
-1.50719
-1.50709
-1.50735
-1.50769
-1.50992
-1.51127
-1.5134
-1.51591
-1.51643
-1.5181
-1.51787
-1.51548
-1.51238
-1.50999
-1.50769
-1.50637
-1.50754
-1.50957
-1.51078
-1.51171
-1.5121
-1.51159
-1.51191
-1.51057
-1.51073
-1.50974
-1.50971
-1.50912
-1.50716
-1.50637
-1.50548
-1.50666
-1.50769
-1.50935
-1.5102
-1.51256
-1.51367
-1.51431
-1.51351
-1.51382
-1.51137
-1.51047
-1.51038
-1.50678
-1.50425
-1.50223
-1.50243
-1.50538
-1.50998
-1.51361
-1.51546
-1.51608
-1.51449
-1.51334
-1.51334
-1.51308
-1.51209
-1.51138
-1.51068
-1.5103
-1.50951
-1.5099
-1.51115
-1.51424
-1.51677
-1.518
-1.51841
-1.5163
-1.51514
-1.51707
-1.52024
-1.52141
-1.52042
-1.52063
-1.51783
-1.51531
-1.51223
-1.51141
-1.51312
-1.51754
-1.52108
-1.52219
-1.52124
-1.51901
-1.51631
-1.51589
-1.51493
-1.5143
-1.51562
-1.51569
-1.51499
-1.51546
-1.51508
-1.51427
-1.51462
-1.51429
-1.51502
-1.5156
-1.51563
-1.51524
-1.51593
-1.51543
-1.51661
-1.51754
-1.51705
-1.51787
-1.51943
-1.51889
-1.51728
-1.51551
-1.51185
-1.50777
-1.50525
-1.5032
-1.50328
-1.50686
-1.51123
-1.51352
-1.51372
-1.5129
-1.51064
-1.50873
-1.50931
-1.50931
-1.51126
-1.51118
-1.51056
-1.50989
-1.50955
-1.50949
-1.50831
-1.50882
-1.50883
-1.5081
-1.50806
-1.50755
-1.50761
-1.50694
-1.50638
-1.50567
-1.50446
-1.50507
-1.50607
-1.50722
-1.50613
-1.50503
-1.50483
-1.50473
-1.5047
-1.50426
-1.50554
-1.50833
-1.50979
-1.50996
-1.51065
-1.50975
-1.5088
-1.50668
-1.50522
-1.50454
-1.50378
-1.50235
-1.5037
-1.50556
-1.50778
-1.50888
-1.5095
-1.51101
-1.51199
-1.51286
-1.51451
-1.51599
-1.51612
-1.51435
-1.51352
-1.5125
-1.51374
-1.51438
-1.5143
-1.51413
-1.51307
-1.50983
-1.50638
-1.50527
-1.50383
-1.50502
-1.50518
-1.50507
-1.50623
-1.50673
-1.50719
-1.50892
-1.51006
-1.51269
-1.51565
-1.51672
-1.51847
-1.51759
-1.51635
-1.51441
-1.51194
-1.51016
-1.50896
-1.50932
-1.51009
-1.51057
-1.51232
-1.51319
-1.51575
-1.51701
-1.52015
-1.52078
-1.52001
-1.51961
-1.51793
-1.51668
-1.51443
-1.51261
-1.51069
-1.51147
-1.51061
-1.51161
-1.51163
-1.51199
-1.51231
-1.51359
-1.51405
-1.51269
-1.51271
-1.51126
-1.51038
-1.51081
-1.51121
-1.51311
-1.51613
-1.51729
-1.51886
-1.51869
-1.51686
-1.51536
-1.51552
-1.51444
-1.51435
-1.5132
-1.51298
-1.51426
-1.51359
-1.51612
-1.51627
-1.5167
-1.5152
-1.51361
-1.51183
-1.51036
-1.50913
-1.50795
-1.50661
-1.50608
-1.50919
-1.51409
-1.51888
-1.52298
-1.52322
-1.52296
-1.52205
-1.52036
-1.51775
-1.51534
-1.51252
-1.50994
-1.50909
-1.50802
-1.50807
-1.50685
-1.50645
-1.50757
-1.50871
-1.51106
-1.51296
-1.51338
-1.51491
-1.51463
-1.51471
-1.51573
-1.51603
-1.51428
-1.51411
-1.51347
-1.5124
-1.51175
-1.51138
-1.51182
-1.513
-1.51425
-1.51434
-1.51511
-1.51602
-1.51609
-1.51694
-1.51727
-1.51579
-1.51355
-1.51044
-1.50993
-1.50779
-1.50667
-1.50596
-1.50588
-1.50691
-1.50713
-1.50747
-1.50825
-1.51086
-1.5136
-1.51433
-1.51535
-1.51495
-1.51393
-1.51372
-1.51253
-1.51098
-1.50837
-1.50887
-1.50862
-1.5082
-1.50832
-1.50841
-1.50954
-1.5111
-1.51175
-1.511
-1.50998
-1.50937
-1.50931
-1.51005
-1.51014
-1.51039
-1.50924
-1.50847
-1.50822
-1.50688
-1.50707
-1.50731
-1.50657
-1.50803
-1.50869
-1.50928
-1.5105
-1.51173
-1.51217
-1.51243
-1.51401
-1.51581
-1.51691
-1.51649
-1.51464
-1.51313
-1.51208
-1.51107
-1.51117
-1.51078
-1.51068
-1.50976
-1.50879
-1.50854
-1.50926
-1.50859
-1.50785
-1.50927
-1.51153
-1.51221
-1.51374
-1.51746
-1.5209
-1.52029
-1.51944
-1.51821
-1.51824
-1.51748
-1.51652
-1.51483
-1.51438
-1.51335
-1.51418
-1.51512
-1.51476
-1.51445
-1.51508
-1.51516
-1.51574
-1.51541
-1.51508
-1.51484
-1.51329
-1.51114
-1.51093
-1.51055
-1.51154
-1.51346
-1.51457
-1.51588
-1.51805
-1.51808
-1.51835
-1.51826
-1.51908
-1.5188
-1.51779
-1.51574
-1.51322
-1.5119
-1.51049
-1.51145
-1.51378
-1.51511
-1.51669
-1.51703
-1.51731
-1.51794
-1.51809
-1.51716
-1.5152
-1.51372
-1.51105
-1.509
-1.50802
-1.50991
-1.51327
-1.51578
-1.51706
-1.51743
-1.51859
-1.5199
-1.51858
-1.51787
-1.51795
-1.51671
-1.51515
-1.51404
-1.51262
-1.51038
-1.51052
-1.51369
-1.51536
-1.51714
-1.51849
-1.51835
-1.52004
-1.52162
-1.52101
-1.51834
-1.5165
-1.51426
-1.51246
-1.5141
-1.51547
-1.51759
-1.51734
-1.5161
-1.51574
-1.5133
-1.51072
-1.51084
-1.51043
-1.51052
-1.51089
-1.51164
-1.51232
-1.51228
-1.51301
-1.5137
-1.51722
-1.51946
-1.52163
-1.52127
-1.52198
-1.52094
-1.52008
-1.51901
-1.51721
-1.51528
-1.51475
-1.51349
-1.51156
-1.51259
-1.51297
-1.51284
-1.51241
-1.51004
-1.51017
-1.51168
-1.51103
-1.51232
-1.5128
-1.51232
-1.51335
-1.51455
-1.51426
-1.51391
-1.51285
-1.5123
-1.51208
-1.51241
-1.51441
-1.51638
-1.51686
-1.51502
-1.51281
-1.51158
-1.51096
-1.5109
-1.51125
-1.51169
-1.51161
-1.51282
-1.51233
-1.5106
-1.50894
-1.50688
-1.50582
-1.50471
-1.50537
-1.50659
-1.50774
-1.51012
-1.5104
-1.51303
-1.5152
-1.516
-1.51705
-1.51772
-1.51806
-1.51771
-1.51534
-1.51184
-1.50952
-1.50641
-1.50585
-1.5057
-1.50753
-1.51033
-1.50984
-1.50869
-1.50933
-1.51019
-1.51158
-1.51147
-1.51099
-1.51007
-1.50859
-1.50771
-1.50806
-1.50815
-1.5074
-1.50722
-1.50685
-1.50947
-1.51202
-1.51243
-1.51318
-1.51298
-1.51152
-1.51166
-1.51063
-1.50995
-1.50996
-1.51079
-1.51086
-1.5107
-1.50978
-1.5084
-1.50813
-1.51033
-1.51407
-1.5171
-1.5186
-1.5193
-1.519
-1.51801
-1.51749
-1.51465
-1.51152
-1.50959
-1.50617
-1.50293
-1.50078
-1.50207
-1.50454
-1.50589
-1.50704
-1.50842
-1.50816
-1.50786
-1.50779
-1.50847
-1.50993
-1.51032
-1.51193
-1.51195
-1.51295
-1.51259
-1.51217
-1.51032
-1.50944
-1.50925
-1.50943
-1.50885
-1.5086
-1.51005
-1.51066
-1.51017
-1.50999
-1.51065
-1.51021
-1.51072
-1.51138
-1.51129
-1.5125
-1.51331
-1.51303
-1.51306
-1.51297
-1.51279
-1.51183
-1.50954
-1.50747
-1.50646
-1.507
-1.50843
-1.51033
-1.51099
-1.51145
-1.51229
-1.51234
-1.51271
-1.5138
-1.51421
-1.51227
-1.51252
-1.51385
-1.51673
-1.5194
-1.51808
-1.51698
-1.51386
-1.51031
-1.50595
-1.50241
-1.50099
-1.50188
-1.50358
-1.50679
-1.50882
-1.50868
-1.50846
-1.5073
-1.50772
-1.509
-1.51182
-1.51264
-1.51369
-1.51499
-1.51407
-1.51456
-1.51368
-1.51456
-1.51542
-1.51434
-1.51323
-1.51418
-1.51218
-1.51165
-1.51243
-1.51272
-1.51275
-1.51339
-1.5123
-1.51206
-1.51289
-1.5133
-1.51257
-1.51207
-1.5123
