29.2103
30.1686
28.5652
28.2986
25.4156
26.1333
24.7918
22.2803
21.1366
21.1366
20.4486
22.1994
22.5693
21.583
22.8548
23.695
22.7707
22.1686
22.5144
21.5014
19.7388
19.2958
19.0245
19.9432
19.0245
20.4154
20.795
20.2927
18.9041
18.3914
17.5632
19.1785
18.4292
18.4292
18.442
17.7438
18.071
18.7731
17.4115
17.8846
17.4397
17.4397
18.2991
18.7083
19.4385
19.389
19.2912
18.4298
18.4298
18.4298
18.5841
18.3777
18.4851
19.071
18.3323
18.1519
18.4241
18.3382
18.3382
18.3382
18.3382
17.2233
17.2233
17.2233
17.2233
17.2519
19.0406
19.0406
19.1561
18.6505
18.6505
19.0119
18.9558
18.9558
19.867
19.2674
20.4595
20.4595
20.5419
20.7017
21.0893
22.0042
21.6709
19.5843
19.5843
20.4552
19.3248
18.388
19.1732
18.6357
19.469
19.8385
19.3766
17.1171
17.1171
17.7443
18.7675
17.7034
19.0103
15.3021
16.9661
16.9661
17.3469
17.2776
15.7368
15.6752
16.1427
15.4775
16.751
16.751
16.587
17.0667
17.4202
16.1633
16.1424
16.1633
16.1633
15.3047
15.8547
16.6297
16.6297
16.6297
18.3905
18.8089
17.7269
18.8469
18.8469
17.8279
17.3026
17.6414
18.5229
17.6393
18.0082
18.9954
19.8979
19.6411
19.8361
17.9034
18.7294
18.7398
19.4721
21.3366
19.9425
19.4551
19.4306
18.6542
18.4591
18.1643
16.9851
16.9851
16.0745
16.9468
17.7736
17.5869
18.4682
19.8412
19.6217
20.4823
20.7271
19.9605
20.8609
19.8111
21.9857
21.2289
20.652
19.4043
19.4043
17.8157
16.7736
18.2877
18.1454
18.1454
16.9144
16.9144
16.9144
16.4999
15.8305
15.8305
18.6427
18.6427
19.8393
19.6961
20.0059
20.179
19.7707
19.7707
20.5844
18.8885
20.1574
20.3236
20.4377
21.292
19.0195
18.0589
18.0589
18.0218
18.5032
17.8831
18.2151
18.5506
17.0135
17.5897
18.0021
18.0021
18.0021
16.8989
16.8989
16.5167
16.5167
15.4388
16.2133
14.6443
13.2821
13.8106
13.0769
13.22
12.9914
12.8546
12.8546
12.8546
12.6096
12.636
12.5558
12.5558
12.5557
12.4828
12.4828
12.4828
12.4765
12.4714
12.4714
12.4714
12.1351
12.1351
12.0609
12.0438
11.8055
11.7143
11.7143
11.7143
11.7143
11.7134
11.6968
11.6968
11.5153
11.5153
11.5153
11.5144
11.4578
11.4355
11.4354
11.4354
11.3194
11.302
11.2994
11.2994
11.2994
10.6765
10.6765
10.6765
10.6765
10.5209
10.5209
10.5209
10.5209
10.5209
10.5209
10.4409
10.418
10.418
10.418
10.418
10.2512
10.2512
10.2512
10.2512
10.2512
10.2512
10.2512
10.2512
10.2512
10.2512
10.2512
10.2512
10.2512
10.2512
10.2512
10.2512
10.2512
10.2512
10.2512
10.2512
10.2512
9.37517
9.37517
9.37517
8.96188
8.96188
9.40902
8.96188
8.96188
8.95476
8.9212
8.83224
8.32794
8.32794
8.32794
8.32794
8.32794
8.31248
8.31248
8.31248
8.31248
8.3052
8.3052
8.3052
8.3052
8.3052
8.3052
8.3052
8.3052
8.3052
8.3052
8.3052
8.3052
8.3052
8.3052
8.3052
8.3052
8.3052
8.3052
8.3052
8.3052
8.3052
8.3052
8.3052
8.3052
8.3052
8.3052
8.3052
8.3052
8.3052
8.3052
8.3052
8.3052
8.3052
8.3052
8.3052
8.3052
8.3052
8.3052
8.3052
8.3052
8.3052
8.3052
8.3052
8.3052
8.3052
8.3052
8.3052
8.3052
8.3052
8.3052
8.3052
8.3052
8.3052
8.3052
8.3052
8.3052
8.3052
8.3052
8.3052
8.3052
8.3052
8.3052
8.3052
8.28105
8.28105
8.28105
8.28105
8.28105
8.28105
8.28105
8.28105
8.28105
8.28105
8.28105
8.28105
8.28105
8.28105
8.28105
8.28105
8.28105
8.28105
8.28105
8.28105
8.28105
8.28105
8.28105
8.28105
8.28105
8.28105
8.28105
8.28105
8.28105
8.28105
8.28105
8.28105
8.28105
8.28105
8.28105
8.28105
8.28105
8.28105
8.28105
8.28105
8.28105
8.28105
6.22997
6.22997
6.22997
6.22997
6.31446
6.467
6.86851
6.86851
6.86851
6.86851
6.86851
6.86851
6.86851
6.22997
6.22997
6.22997
6.22997
6.22997
6.22997
6.22997
6.22997
6.22997
6.22997
6.22997
6.22997
6.22997
6.22997
6.22997
6.22997
6.22997
6.22997
6.22997
6.22997
6.22997
6.22997
6.22997
6.22997
6.22997
6.22997
6.22997
6.22997
6.22997
6.22997
6.22997
6.22997
6.22997
6.22997
6.22997
6.22997
6.22997
6.22997
6.22997
6.22997
6.22997
6.22997
6.22997
6.22997
6.22997
6.22997
6.22997
6.22997
6.22997
6.22997
6.22997
6.22997
6.22997
6.22997
6.22997
6.22997
6.22997
6.22997
6.22997
6.22997
6.22997
6.22997
6.22997
6.22997
6.22997
6.22997
6.22997
6.22997
6.22997
6.22997
6.22997
6.22997
6.22997
6.22997
6.22997
6.22997
6.22997
6.22997
6.22997
6.22997
6.22997
6.22997
6.22997
6.22997
6.22997
6.22997
6.22997
6.22997
6.22997
6.22997
6.22997
6.22997
6.22997
6.22997
6.22997
6.22997
6.22997
6.22997
6.22997
6.22997
6.22997
6.22997
6.22997
6.22997
6.22997
6.22997
6.22997
6.22997
6.22997
6.22997
6.22997
6.22997
6.22997
6.22997
6.22997
6.22997
6.22997
6.22997
6.22997
6.22997
6.22997
6.22997
6.22997
6.22997
6.22997
6.22997
6.22997
6.22997
6.22997
6.22997
6.22997
6.22997
6.22997
6.22997
6.22997
6.22997
6.22997
6.22997
6.22997
6.22997
6.22997
6.22997
6.22997
6.22997
6.22997
6.22997
6.22997
6.22997
6.22997
6.22997
6.22997
6.22997
6.22997
6.22997
6.22997
6.22997
6.22997
6.22997
6.22997
6.22997
6.22997
6.22997
6.22997
6.22997
6.22997
6.22997
6.22997
6.22997
6.22997
6.22997
6.22997
6.22997
6.22997
6.22997
6.22997
6.22997
6.22997
6.22997
6.22997
6.22997
6.22997
6.22997
6.22997
6.22997
6.22997
6.22997
6.22997
6.22997
6.22997
6.22997
6.22997
6.22997
6.22997
6.22997
6.22997
6.22997
6.22997
6.22997
6.22997
6.22997
6.22997
6.22997
6.22997
6.22997
6.22997
6.22997
6.22997
6.22997
6.22997
6.22997
6.22997
6.22997
6.22997
6.22997
7.03727
7.03727
7.24627
7.22926
7.22926
7.22926
7.21635
7.17467
7.17467
7.17467
7.17467
7.17467
7.17467
7.17467
7.17467
7.17467
7.17467
7.17467
7.17467
7.14657
7.14657
7.09068
7.09068
7.09068
7.09068
7.09068
7.1185
7.1185
7.1185
7.1185
7.1185
7.1185
7.1185
7.1185
7.1185
7.1185
7.1185
7.1185
7.1185
7.1185
7.1185
7.1185
7.1185
7.1185
7.1185
7.1185
7.1185
7.1185
7.1185
7.1185
7.1185
7.1185
7.1185
7.1185
7.1185
7.1185
7.1185
7.1185
7.1185
7.1185
7.1185
7.1185
7.1185
7.1185
7.1185
7.1185
7.1185
7.1185
7.1185
7.1185
7.1185
7.1185
7.1185
7.1185
7.1185
7.1185
7.1185
7.1185
7.1185
7.1185
7.1185
7.1185
7.1185
7.1185
7.1185
7.1185
7.1185
7.1185
7.1185
7.1185
7.1185
7.1185
7.1185
7.1185
7.1185
7.1185
7.1185
7.1185
7.1185
7.1185
7.1185
7.1185
7.1185
7.1185
7.1185
7.1185
7.1185
7.1185
7.1185
7.1185
7.1185
7.1185
7.1185
7.1185
7.1185
7.1185
7.1185
7.1185
7.1185
7.1185
7.1185
7.1185
7.1185
7.1185
7.1185
7.1185
7.1185
7.1185
7.1185
7.1185
7.1185
7.1185
7.1185
7.1185
7.1185
7.1185
7.1185
7.1185
7.1185
7.1185
7.1185
7.1185
7.1185
7.1185
7.1185
7.1185
7.1185
7.1185
7.1185
7.1185
7.1185
6.91199
6.91199
7.1185
7.1185
7.1185
7.1185
7.1185
7.1185
7.1185
7.1185
7.1185
7.1185
7.1185
7.1185
7.20121
7.20121
7.29991
7.29991
7.29991
7.29991
7.29991
7.29991
7.29991
7.29991
7.29991
7.29991
7.29991
7.29991
7.29991
7.29991
7.29991
7.29991
7.29991
7.29991
7.29991
7.29991
7.29991
7.29991
7.29991
7.29991
7.29991
7.29991
7.29991
7.28314
7.28314
7.27948
7.27948
7.27948
7.27948
7.27919
7.27844
7.19755
7.19755
7.19755
7.19755
7.19755
7.27948
7.27948
7.42468
8.13727
8.13727
8.13727
8.13727
8.13727
8.13727
8.13727
8.13727
8.13727
8.13727
8.13727
8.13727
8.13727
8.13727
8.13727
8.13727
8.13727
8.13727
8.13727
8.13727
8.13727
8.13727
8.13727
8.13727
8.13727
8.13727
8.13727
8.13727
8.13727
8.05586
8.05586
8.05586
8.05586
8.05328
8.05328
8.05328
8.05328
8.05328
8.05328
8.05328
8.05328
8.05328
7.97445
7.97445
7.97445
7.97445
7.97445
7.97445
7.97445
7.97445
7.97445
7.97445
7.97445
7.97445
7.97445
7.97445
7.97445
7.97445
7.97445
7.97445
7.97445
7.97445
7.97445
7.97445
7.97445
7.97445
7.97445
7.97445
7.97445
7.97445
7.97445
7.97445
7.97445
7.97445
7.97445
7.97445
7.97445
7.97445
7.97445
7.97445
7.97445
7.97445
7.97445
7.97445
7.97445
7.97445
7.97445
7.97445
7.97445
7.97445
7.97445
7.97445
7.97445
7.97445
7.97445
7.97445
7.97445
7.97445
7.97445
7.97445
7.97445
7.97445
7.97445
7.97445
7.97445
7.97445
7.97445
7.97445
7.97445
7.97445
7.97445
7.97445
7.97445
7.97445
7.97445
7.97445
7.97445
7.97445
7.97445
7.97445
7.97445
7.97445
7.97445
7.97445
7.97445
7.97445
7.97445
7.97445
7.97445
7.97445
7.97445
7.97445
7.97445
7.97445
7.97445
7.97445
7.97445
7.97445
7.97445
7.97445
7.97445
7.97445
7.97445
7.97445
7.97445
7.97445
7.97445
7.97445
7.97445
7.97445
7.97445
7.97445
7.97445
7.97445
7.97445
7.97445
7.97445
7.97445
7.97445
7.97445
7.97445
7.97445
7.97445
7.97445
7.97445
7.97445
7.97445
7.97445
7.97445
7.97445
7.97445
7.97445
7.97445
7.97445
7.97445
7.97445
7.97445
7.97445
7.97445
7.97445
7.97445
7.97445
7.97445
7.97445
7.97445
7.97445
7.97445
7.97445
7.97445
7.97445
7.97445
7.97445
7.97445
7.97445
7.97445
7.97445
7.97445
7.97445
7.97445
7.97445
7.97445
7.97445
7.97445
7.97445
7.97445
7.97445
7.97445
7.97445
7.97445
7.97445
7.97445
7.97445
7.97445
7.97445
7.97445
7.97445
7.97445
7.97445
7.97445
7.97445
7.97445
7.97445
7.97445
7.97445
7.97445
7.97445
7.97445
7.97445
7.97445
7.97445
7.97445
7.97445
7.97445
7.97445
7.97445
7.97445
7.97445
7.97445
7.97445
7.97445
7.97445
7.97445
7.97445
7.97445
7.97445
7.97445
7.97445
7.97445
7.97445
7.97445
7.97445
7.97445
7.97445
7.97445
7.97445
7.97445
7.97445
7.97445
7.97445
7.97445
7.97445
7.97445
7.97445
7.97445
7.97445
7.97445
7.97445
7.97445
7.97445
7.97445
7.97445
7.97445
7.97445
7.97445
7.97445
7.97445
7.97445
7.97445
7.97445
7.97445
7.97445
7.97445
7.97445
7.97445
7.97445
7.97445
7.97445
7.97445
7.97445
7.97445
7.97445
7.97445
7.97445
7.97445
7.97445
7.97445
7.97445
7.97445
6.27221
6.27221
7.97445
7.97445
7.97445
7.97445
7.97445
7.97445
7.97445
7.97445
7.97445
7.97445
7.97445
7.97445
7.97445
7.97445
7.97445
7.97445
7.97445
7.97445
7.97445
7.97445
7.97445
7.97445
7.97445
7.97445
7.97445
7.97445
7.97445
7.97445
7.97445
7.97445
7.97445
7.97445
7.97445
7.97445
7.97445
7.97445
7.97445
7.97445
7.97445
7.97445
7.97445
7.97445
7.97445
7.97445
7.97445
7.97445
7.97445
7.97445
7.97445
7.97445
7.97445
7.97445
7.97445
7.97445
7.97445
7.97445
7.97445
7.97445
7.97445
7.97445
7.97445
7.97445
7.97445
7.97445
7.97445
7.97445
7.97445
7.97445
7.97445
7.97445
7.97445
7.97445
7.97445
7.9689
6.27221
6.27221
6.27221
6.27221
6.27221
6.27221
6.27221
7.71006
7.71006
7.71006
6.27221
7.62226
7.71006
7.71006
7.71006
7.71006
7.71006
7.71006
7.71006
7.71006
7.71006
7.71006
7.71006
7.71006
7.71006
6.27221
6.27221
6.27221
6.27221
6.27221
6.27221
6.27221
6.27221
6.27221
6.27221
6.27221
6.27221
6.27221
6.27221
6.27221
6.27221
6.27221
6.27221
6.27221
6.27221
6.27221
6.27221
6.27221
6.27221
6.27221
6.27221
6.27221
6.27221
6.27221
6.27221
6.27221
6.27221
6.27221
6.27221
6.27221
6.27221
6.27221
6.27221
6.27221
6.27221
6.27221
6.27221
6.27221
6.27221
6.27221
6.27221
6.27221
6.27221
6.27221
6.27221
6.27221
6.27221
6.27221
6.27221
6.27221
6.27221
6.27221
6.27221
6.27221
6.27221
6.27221
6.27221
6.27221
6.27221
6.27221
6.27221
6.27221
6.27221
6.27221
6.27221
6.27221
6.27221
6.27221
6.27221
6.27221
6.27221
6.27221
6.27221
6.27221
6.27221
6.27221
6.27221
6.27221
6.27221
6.27221
6.27221
6.27221
6.27221
6.27221
6.27221
6.27221
6.27221
6.27221
6.27221
6.27221
6.27221
6.27221
6.27221
6.27221
6.27221
6.27221
6.27221
6.27221
6.27221
6.27221
6.27221
6.27221
6.27221
6.27221
6.27221
6.27221
6.27221
6.27221
6.27221
6.27221
6.27221
6.27221
6.27221
6.27221
6.27221
6.27221
6.27221
6.27221
6.27221
6.27221
6.27221
6.27221
6.27221
6.27221
6.27221
6.27221
6.27221
6.27221
6.27221
6.27221
6.27221
6.27221
6.27221
6.27221
6.27221
6.27221
6.27221
6.27221
6.27221
6.27221
6.27221
6.27221
6.27221
6.27221
6.27221
6.27221
6.27221
6.27221
6.27221
6.27221
6.27221
6.27221
6.27221
6.27221
6.27221
6.27221
6.27221
6.27221
6.27221
6.27221
6.27221
6.27221
6.27221
6.27221
6.27221
6.27221
6.27221
6.27221
6.27221
6.27221
6.27221
6.27221
6.27221
6.27221
6.27221
6.27221
6.27221
6.27221
6.27221
6.27221
6.27221
6.27221
6.27221
6.27221
6.27221
6.27221
6.27221
6.27221
6.27221
6.27221
6.27221
6.27221
6.27221
6.27221
6.27221
6.27221
6.27221
6.27221
6.27221
6.27221
6.27221
6.27221
6.27221
6.27221
6.27221
6.27221
6.27221
6.27221
6.27221
6.27221
6.27221
6.27221
6.27221
6.27221
6.27221
6.27221
6.27221
6.27221
6.27221
6.27221
6.27221
6.27221
6.27221
6.27221
6.27221
6.27221
6.27221
6.27221
6.27221
6.27221
6.27221
6.27221
6.27221
6.27221
6.27221
6.27221
6.27221
6.27221
6.27221
6.27221
6.27221
6.27221
6.27221
6.27221
6.27221
6.27221
6.27221
6.27221
6.27221
6.27221
6.27221
6.27221
6.27221
6.27221
6.27221
6.27221
6.27221
6.27221
6.27221
6.27221
6.27221
6.27221
6.27221
6.27221
6.27221
6.27221
6.27221
6.27221
6.27221
6.27221
6.27221
6.27221
6.27221
6.27221
6.27221
6.27221
6.27221
6.27221
6.27221
6.27221
6.27221
6.27221
6.27221
6.27221
6.27221
6.27221
6.27221
6.27221
6.27221
6.27221
6.27221
6.27221
6.27221
6.27221
6.27221
6.27221
6.27221
6.27221
6.27221
6.27221
6.27221
6.27221
6.27221
6.27221
6.27221
6.27221
6.27221
6.27221
6.27221
6.27221
6.27221
6.27221
6.27221
6.27221
6.27221
6.27221
6.27221
6.27221
6.27221
6.27221
6.27221
6.27221
6.27221
6.27221
6.27221
6.27221
6.27221
6.27221
6.27221
6.27221
6.27221
6.27221
6.27221
6.27221
6.27221
6.27221
6.27221
6.27221
6.27221
6.27221
6.27221
6.27221
6.27221
6.27221
6.27221
6.27221
6.27221
6.27221
6.22997
6.27221
6.27221
6.27221
6.27221
6.27221
6.27221
6.27221
6.27221
6.27221
6.27221
6.27221
6.27221
6.27221
6.27221
6.27221
6.27221
6.27221
6.27221
6.27221
6.27221
6.27221
6.27221
6.27221
6.27221
6.27221
6.27221
6.27221
6.27221
6.27221
6.27221
6.27221
6.27221
6.27221
6.27221
6.27221
6.27221
6.27221
6.27221
6.27221
6.27221
6.27221
7.01837
7.01837
7.01837
7.01837
7.01837
7.01837
7.01837
7.01837
7.01837
7.01837
7.01837
7.01837
7.01837
7.01837
7.01837
7.01837
7.01837
7.01837
7.01837
7.01837
7.01837
7.01837
7.01837
7.01837
7.01837
7.01837
7.01837
7.01837
7.01837
7.01837
7.01837
7.01837
7.01837
7.01837
7.01837
7.01837
7.01837
7.01837
7.01837
7.01837
7.01837
7.01837
7.01837
7.01837
7.01837
7.01837
7.01837
7.01837
7.01837
7.01837
7.01837
7.01837
7.01837
7.01837
7.01837
7.01837
7.01837
7.01837
7.01837
7.01837
7.01837
7.01837
7.01837
7.01837
7.01837
7.01837
7.01837
7.01837
7.01837
7.01837
7.01837
7.01837
7.01837
7.01837
7.01837
7.01837
7.01837
7.01837
7.01837
7.01837
7.01837
7.01837
7.01837
7.01837
7.01837
7.01837
7.01837
7.01837
7.01837
7.01837
7.01837
7.01837
7.01837
7.01837
7.01837
7.01837
7.01837
7.01837
7.01837
7.01837
7.01837
7.01837
7.01837
7.01837
7.01837
7.01837
7.01837
7.01837
7.01837
7.01837
7.01837
7.01837
7.01837
7.01837
7.01837
7.01837
7.01837
7.01837
7.01837
7.01837
7.01837
7.01837
7.01837
7.01837
7.01837
7.01837
7.01837
7.01837
7.01837
7.01837
7.01837
7.01837
7.01837
7.01837
7.01837
7.01837
7.01837
7.01837
7.01837
7.01837
7.01837
7.01837
7.01837
7.01837
7.01837
7.01837
7.01837
7.01837
7.01837
7.01837
7.01837
7.01837
7.01837
7.01837
7.01837
7.01837
7.01837
7.01837
7.01837
7.01837
7.01837
7.01837
7.01837
7.01837
7.01837
7.01837
7.01837
7.01837
7.01837
7.01837
7.01837
7.01837
7.01837
7.01837
7.01837
7.01837
7.01837
7.01837
7.01837
7.01837
7.01837
7.01837
7.01837
7.01837
7.01837
7.01837
7.01837
7.01837
7.01837
7.01837
7.01837
7.01837
7.01837
7.01837
7.01837
7.01837
7.01837
7.01837
7.01837
7.01837
7.01837
7.01837
7.01837
7.01837
7.01837
7.01837
7.01837
7.01837
7.01837
7.01837
7.01837
7.01837
7.01837
7.01837
7.01837
7.01837
7.01837
7.01837
7.01837
7.01837
7.01837
7.01837
7.01837
7.01837
7.01837
7.01837
7.01837
7.01837
7.01837
7.01837
7.01837
7.01837
7.01837
7.01837
7.01837
7.01837
7.01837
7.01837
7.01837
7.01837
7.01837
7.01837
7.01837
7.01837
6.99837
7.01837
7.01837
7.01837
7.01837
7.01837
7.01837
7.01837
7.01837
7.01837
7.01837
7.01837
7.01837
7.01837
7.01837
7.01837
7.01837
7.01837
7.01837
7.01837
7.01837
7.01837
6.99837
7.01837
7.01837
7.01837
7.01837
7.01837
7.01837
7.01837
7.01837
7.01837
7.01837
7.01837
7.01837
7.01837
7.01837
7.01837
7.01837
7.01837
7.01837
7.01837
7.01837
7.01837
7.01837
7.01837
7.01837
7.01837
7.01837
7.01837
7.01837
7.01837
7.01837
7.01837
7.01837
7.01837
7.01837
7.01837
7.01837
7.01837
7.01837
7.01837
7.01837
7.01837
7.01837
7.01837
7.01837
7.01837
7.01837
7.01837
7.01837
7.01837
7.01837
7.01837
7.01837
7.01837
7.01837
7.01837
7.01837
7.01837
7.01837
7.01837
7.01837
7.01837
7.01837
7.01837
7.01837
7.01837
7.01837
7.01837
7.01837
7.01837
7.01837
7.01837
7.01837
7.01837
7.01837
7.01837
7.01837
7.01837
7.01837
7.01837
7.01837
7.01837
7.01837
7.01837
7.01837
7.01837
7.01837
7.01837
7.01837
7.01837
7.01837
7.01837
6.22997
7.01837
7.01837
7.01837
7.01837
7.01837
7.01837
6.99837
6.99837
7.01837
7.01837
7.01837
7.01837
7.01837
7.01837
7.01837
7.01837
7.01837
7.01837
7.01837
7.01837
7.01837
7.01837
7.01837
7.01837
7.01837
7.01837
7.01837
7.01837
7.01837
7.01837
7.01837
7.01837
7.01837
7.01837
7.01837
7.01837
7.01837
7.01837
7.01837
7.01837
7.01837
7.01837
7.01837
7.01837
7.01837
7.01837
7.01837
7.01837
7.01837
7.01837
7.01837
7.01837
7.01837
7.01837
7.01837
7.01837
7.01837
7.01837
7.01837
7.01837
7.01837
7.01837
7.01837
7.01837
7.01837
7.01837
7.01837
7.01837
7.01837
7.01837
7.01837
7.01837
7.01837
7.01837
7.01837
7.01837
7.01837
7.01837
7.01837
7.01837
7.01837
7.01837
7.01837
7.01837
7.01837
7.01837
7.01837
7.01837
7.01837
7.01837
7.01837
7.01837
7.01837
7.01837
7.01837
7.01837
7.01837
7.01837
7.01837
7.01837
7.01837
7.01837
7.01837
7.01837
7.01837
7.01837
7.01837
7.01837
7.01837
7.01837
7.01837
7.01837
7.01837
7.01837
7.01837
7.01837
7.01837
7.01837
7.01837
7.01837
7.01837
7.01837
7.01837
7.01837
7.01837
7.01837
7.01837
7.01837
7.01837
7.01837
7.01837
7.01837
7.01837
7.01837
7.01837
7.01837
7.01837
7.01837
7.01837
7.01837
7.01837
7.01837
7.01837
7.01837
7.01837
7.01837
7.01837
7.01837
7.01837
7.01837
7.01837
7.01837
7.01837
7.01837
7.01837
7.01837
7.01837
7.01837
7.01837
7.01837
7.01837
7.01837
7.01837
7.01837
7.01837
7.01837
7.01837
7.01837
7.01837
7.01837
7.01837
7.01837
7.01837
7.01837
7.01837
7.01837
7.01837
7.01837
7.01837
7.01837
7.01837
7.01837
7.01837
7.01837
7.01837
7.01837
7.01837
7.01837
7.01837
7.01837
7.01837
7.01837
7.01837
7.01837
7.01837
7.01837
7.01837
7.01837
7.01837
7.01837
7.01837
7.01837
7.01837
7.01837
7.01837
6.99837
7.01837
7.01837
7.01837
7.01837
7.01837
7.01837
7.01837
7.01837
7.01837
7.01837
7.01837
7.01837
7.01837
7.01837
7.01837
7.01837
7.01837
7.01837
7.01837
7.01837
7.01837
7.01837
7.01837
7.01837
7.01837
7.01837
7.01837
7.01837
7.01837
7.01837
7.01837
7.01837
7.01837
7.01837
7.01837
7.01837
7.01837
7.01837
7.01837
7.01837
7.01837
7.01837
7.01837
7.01837
7.01837
7.01837
7.01837
7.01837
7.01837
7.01837
7.01837
7.01837
7.01837
7.01837
7.01837
7.01837
7.01837
7.01837
7.01837
7.01837
7.01837
7.01837
7.01837
7.01837
7.01837
7.01837
7.01837
7.01837
7.01837
7.01837
7.01837
7.01837
7.01837
7.01837
7.01837
7.01837
7.01837
7.01837
7.01837
7.01837
7.01837
7.01837
7.01837
7.01837
7.01837
7.01837
7.01837
7.01837
7.01837
7.01837
7.01837
7.01837
7.01837
7.01837
7.01837
7.01837
7.01837
7.01837
7.01837
7.01837
7.01837
7.01837
7.01837
7.01837
7.01837
7.01837
7.01837
7.01837
7.01837
7.01837
7.01837
7.01837
7.01837
7.01837
7.01837
7.01837
7.01837
7.01837
7.01837
7.01837
7.01837
7.01837
7.01837
7.01837
7.01837
7.01837
7.01837
7.01837
7.01837
7.01837
7.01837
7.01837
7.01837
7.01837
7.01837
7.01837
7.01837
7.01837
7.01837
7.01837
7.01837
7.01837
7.01837
7.01837
7.01837
7.01837
7.01837
7.01837
7.01837
7.01837
7.01837
7.01837
7.01837
7.01837
7.01837
7.01837
7.01837
7.01837
7.01837
7.01837
7.01837
7.01837
7.01837
7.01837
7.01837
7.01837
7.01837
7.01837
7.01837
7.01837
7.01837
7.01837
7.01837
7.01837
7.01837
7.01837
7.01837
7.01837
7.01837
7.01837
7.01837
7.01837
7.01837
7.01837
7.01837
7.01837
7.01837
7.01837
7.01837
7.01837
7.01837
7.01837
7.01837
7.01837
7.01837
7.01837
7.01837
7.01837
7.01837
7.01837
7.01837
7.01837
7.01837
7.01837
7.01837
7.01837
7.01837
7.01837
7.01837
7.01837
7.01837
7.01837
7.01837
7.01837
7.01837
7.01837
7.01837
7.01837
7.01837
7.01837
7.01837
7.01837
7.01837
7.01837
7.01837
7.01837
7.01837
7.01837
7.01837
7.01837
7.01837
7.01837
7.01837
7.01837
7.01837
7.01837
7.01837
7.01837
7.01837
7.01837
7.01837
7.01837
7.01837
7.01837
7.01837
7.01837
7.01837
7.01837
7.01837
7.01837
7.01837
7.01837
7.01837
7.01837
7.01837
7.01837
7.01837
7.01837
7.01837
7.01837
7.01837
7.01837
7.01837
7.01837
7.01837
7.01837
7.01837
7.01837
7.01837
7.01837
7.01837
7.01837
7.01837
7.01837
7.01837
7.01837
7.01837
7.01837
7.01837
7.01837
7.01837
7.01837
7.01837
7.01837
7.01837
7.01837
7.01837
7.01837
7.01837
7.01837
7.01837
7.01837
7.01837
7.01837
7.01837
7.01837
7.01837
7.01837
7.01837
7.01837
7.01837
7.01837
7.01837
7.01837
7.01837
7.01837
7.01837
7.01837
7.01837
7.01837
7.01837
7.01837
7.01837
7.01837
7.01837
7.01837
7.01837
7.01837
7.01837
7.01837
7.01837
7.01837
7.01837
7.01837
7.01837
7.01837
7.01837
7.01837
7.01837
7.01837
7.01837
7.01837
7.01837
7.01837
7.01837
7.01837
7.01837
7.01837
7.01837
7.01837
7.01837
7.01837
7.01837
7.01837
7.01837
7.01837
7.01837
7.01837
7.01837
7.01837
7.01837
7.01837
7.01837
7.01837
7.01837
7.01837
7.01837
7.01837
7.01837
7.01837
7.01837
7.01837
7.01837
7.01837
7.01837
7.01837
7.01837
7.01837
7.01837
7.01837
7.01837
7.01837
7.01837
7.01837
7.01837
7.01837
7.01837
7.01837
7.01837
7.01837
7.01837
7.01837
7.01837
7.01837
7.01837
7.01837
7.01837
7.01837
7.01837
7.01837
7.01837
7.01837
7.01837
7.01837
7.01837
7.01837
7.01837
7.01837
7.01837
7.01837
7.01837
7.01837
7.01837
7.01837
7.01837
7.01837
7.01837
7.01837
7.01837
7.01837
7.01837
7.01837
7.01837
7.01837
7.01837
7.01837
7.01837
7.01837
7.01837
7.01837
7.01837
7.01837
7.01837
7.01837
7.01837
7.01837
7.01837
7.01837
7.01837
7.01837
7.01837
7.01837
7.01837
7.01837
7.01837
7.01837
7.01837
7.01837
7.01837
7.01837
7.01837
7.01837
7.01837
7.01837
7.01837
7.01837
7.01837
7.01837
7.01837
7.01837
7.01837
7.01837
7.01837
7.01837
7.01837
7.01837
7.01837
7.01837
7.01837
7.01837
7.01837
7.01837
7.01837
7.01837
7.01837
7.01837
7.01837
7.01837
7.01837
7.01837
7.01837
7.01837
7.01837
7.01837
7.01837
7.01837
7.01837
7.01837
7.01837
7.01837
7.01837
7.01837
7.01837
7.01837
7.01837
7.01837
7.01837
7.01837
7.01837
7.01837
7.01837
7.01837
7.01837
7.01837
7.01837
7.01837
7.01837
7.01837
7.01837
7.01837
7.01837
7.01837
7.01837
7.01837
7.01837
7.01837
7.01837
7.01837
7.01837
7.01837
7.01837
7.01837
7.01837
7.01837
7.01837
7.01837
7.01837
7.01837
7.01837
7.01837
7.01837
7.01837
7.01837
7.01837
7.01837
7.01837
7.01837
7.01837
7.01837
7.01837
7.01837
7.01837
7.01837
7.01837
7.01837
7.01837
7.01837
7.01837
7.01837
7.01837
7.01837
7.01837
7.01837
7.01837
7.01837
7.01837
7.01837
7.01837
7.01837
7.01837
7.01837
7.01837
7.01837
7.01837
7.01837
7.01837
7.01837
7.01837
7.01837
7.01837
7.01837
7.01837
7.01837
7.01837
7.01837
7.01837
7.01837
7.01837
7.01837
7.01837
7.01837
7.01837
7.01837
7.01837
7.01837
7.01837
7.01837
7.01837
7.01837
7.01837
7.01837
7.01837
7.01837
7.01837
7.01837
7.01837
7.01837
7.01837
7.01837
7.01837
7.01837
7.01837
7.01837
7.01837
7.01837
7.01837
7.01837
7.01837
7.01837
7.01837
7.01837
7.01837
7.01837
7.01837
7.01837
7.01837
7.01837
7.01837
7.01837
7.01837
7.01837
7.01837
7.01837
7.01837
7.01837
7.01837
7.01837
7.01837
7.01837
7.01837
7.01837
7.01837
7.01837
7.01837
7.01837
7.01837
7.01837
7.01837
7.01837
7.01837
7.01837
7.01837
7.01837
7.01837
7.01837
7.01837
7.01837
7.01837
7.01837
7.01837
7.01837
7.01837
7.01837
7.01837
7.01837
7.01837
7.01837
7.01837
7.01837
7.01837
7.01837
7.01837
7.01837
7.01837
7.01837
7.01837
7.01837
7.01837
7.01837
7.01837
7.01837
7.01837
7.01837
7.01837
7.01837
7.01837
7.01837
7.01837
7.01837
7.01837
7.01837
7.01837
7.01837
7.01837
7.01837
7.01837
7.01837
7.01837
7.01837
7.01837
7.01837
7.01837
7.01837
7.01837
7.01837
7.01837
7.01837
7.01837
7.01837
7.01837
7.01837
7.01837
7.01837
7.01837
7.01837
7.01837
7.01837
7.01837
7.01837
7.01837
7.01837
7.01837
7.01837
7.01837
7.01837
7.01837
7.01837
7.01837
7.01837
7.01837
7.01837
7.01837
7.01837
7.01837
7.01837
7.01837
7.01837
7.01837
7.01837
7.01837
7.01837
7.01837
7.01837
7.01837
7.01837
7.01837
7.01837
7.01837
7.01837
7.01837
7.01837
7.01837
7.01837
7.01837
7.01837
7.01837
7.01837
7.01837
7.01837
7.01837
7.01837
7.01837
7.01837
7.01837
7.01837
7.01837
7.01837
7.01837
7.01837
7.01837
7.01837
7.01837
7.01837
7.01837
7.01837
7.01837
7.01837
7.01837
7.01837
7.01837
7.01837
7.01837
7.01837
7.01837
7.01837
7.01837
7.01837
7.01837
7.01837
7.01837
7.01837
7.01837
7.01837
7.01837
7.01837
7.01837
7.01837
7.01837
7.01837
7.01837
7.01837
7.01837
7.01837
7.01837
7.01837
7.01837
7.01837
7.01837
7.01837
7.01837
7.01837
6.22997
7.01837
7.01837
7.01837
6.99837
7.01837
7.01837
7.01837
7.01837
7.01837
7.01837
7.01837
7.01837
7.01837
7.01837
7.01837
7.01837
7.01837
7.01837
7.01837
7.01837
7.01837
7.01837
7.01837
7.01837
7.01837
7.01837
7.01837
7.01837
7.01837
7.01837
7.01837
7.01837
7.01837
7.01837
7.01837
7.01837
7.01837
7.01837
7.01837
7.01837
6.99837
7.01837
7.01837
7.01837
7.01837
7.01837
7.01837
7.01837
7.01837
7.01837
7.01837
7.01837
7.01837
7.01837
7.01837
7.01837
7.01837
7.01837
7.01837
7.01837
7.01837
7.01837
7.01837
7.01837
7.01837
7.01837
7.01837
7.01837
7.01837
7.01837
7.01837
7.01837
7.01837
7.01837
7.01837
7.01837
7.01837
7.01837
7.01837
7.01837
7.01837
7.01837
7.01837
7.01837
7.01837
7.01837
7.01837
7.01837
7.01837
7.01837
7.01837
7.01837
7.01837
7.01837
7.01837
7.01837
7.01837
7.01837
7.01837
7.01837
7.01837
7.01837
7.01837
7.01837
7.01837
7.01837
7.01837
7.01837
7.01837
7.01837
7.01837
7.01837
7.01837
7.01837
7.01837
7.01837
7.01837
7.01837
7.01837
7.01837
7.01837
7.01837
7.01837
7.01837
7.01837
7.01837
7.01837
7.01837
7.01837
7.01837
7.01837
7.01837
7.01837
7.01837
7.01837
7.01837
7.01837
7.01837
7.01837
7.01837
7.01837
7.01837
7.01837
7.01837
7.01837
7.01837
7.01837
7.01837
7.01837
7.01837
7.01837
7.01837
7.01837
7.01837
7.01837
7.01837
7.01837
7.01837
7.01837
7.01837
7.01837
7.01837
7.01837
7.01837
7.01837
7.01837
7.01837
7.01837
7.01837
7.01837
7.01837
7.01837
7.01837
7.01837
7.01837
7.01837
7.01837
7.01837
7.01837
7.01837
7.01837
7.01837
7.01837
7.01837
7.01837
7.01837
7.01837
7.01837
7.01837
7.01837
7.01837
7.01837
7.01837
7.01837
7.01837
7.01837
7.01837
7.01837
7.01837
7.01837
7.01837
7.01837
7.01837
7.01837
7.01837
7.01837
7.01837
7.01837
7.01837
7.01837
7.01837
7.01837
7.01837
7.01837
7.01837
7.01837
7.01837
7.01837
7.01837
7.01837
7.01837
7.01837
7.01837
7.01837
7.01837
7.01837
7.01837
7.01837
7.01837
7.01837
7.01837
7.01837
7.01837
7.01837
7.01837
7.01837
7.01837
7.01837
7.01837
7.01837
7.01837
7.01837
7.01837
7.01837
7.01837
7.01837
7.01837
7.01837
7.01837
7.01837
7.01837
7.01837
7.01837
7.01837
7.01837
7.01837
7.01837
7.01837
7.01837
7.01837
7.01837
7.01837
7.01837
7.01837
7.01837
7.01837
7.01837
7.01837
7.01837
7.01837
7.01837
7.01837
7.01837
7.01837
7.01837
7.01837
7.01837
7.01837
7.01837
7.01837
7.01837
7.01837
7.01837
7.01837
7.01837
7.01837
7.01837
7.01837
7.01837
7.01837
7.01837
7.01837
7.01837
7.01837
7.01837
7.01837
7.01837
7.01837
7.01837
7.01837
7.01837
7.01837
7.01837
7.01837
7.01837
7.01837
7.01837
7.01837
7.01837
7.01837
7.01837
7.01837
7.01837
7.01837
7.01837
7.01837
7.01837
7.01837
7.01837
7.01837
7.01837
7.01837
7.01837
7.01837
7.01837
7.01837
7.01837
7.01837
7.01837
7.01837
7.01837
7.01837
7.01837
7.01837
7.01837
7.01837
7.01837
7.01837
7.01837
7.01837
7.01837
7.01837
7.01837
7.01837
7.01837
7.01837
7.01837
7.01837
7.01837
7.01837
7.01837
7.01837
7.01837
7.01837
7.01837
7.01837
7.01837
7.01837
7.01837
7.01837
7.01837
7.01837
7.01837
7.01837
7.01837
7.01837
7.01837
7.01837
7.01837
7.01837
7.01837
7.01837
7.01837
7.01837
7.01837
7.01837
7.01837
7.01837
7.01837
7.01837
7.01837
7.01837
7.01837
7.01837
7.01837
7.01837
7.01837
7.01837
7.01837
7.01837
7.01837
7.01837
7.01837
7.01837
7.01837
7.01837
7.01837
7.01837
7.01837
7.01837
7.01837
7.01837
7.01837
7.01837
7.01837
7.01837
7.01837
7.01837
7.01837
7.01837
7.01837
7.01837
7.01837
7.01837
7.01837
7.01837
7.01837
7.01837
7.01837
7.01837
7.01837
7.01837
7.01837
7.01837
7.01837
7.01837
7.01837
7.01837
7.01837
7.01837
7.01837
7.01837
7.01837
7.01837
7.01837
7.01837
7.01837
7.01837
7.01837
7.01837
7.01837
6.22997
6.25858
7.01837
7.01837
7.01837
7.01837
7.01837
7.01837
7.01837
7.01837
7.01837
7.01837
7.01837
7.01837
7.01837
7.01837
7.01837
7.01837
7.01837
7.01837
7.01837
7.01837
7.01837
7.01837
7.01837
7.01837
7.01837
7.01837
7.01837
7.01837
7.01837
7.01837
7.01837
7.01837
7.01837
7.01837
7.01837
7.01837
7.01837
7.01837
7.01837
7.01837
7.01837
7.01837
7.01837
7.01837
7.01837
7.01837
7.01837
7.01837
7.01837
7.01837
7.01837
7.01837
7.01837
7.01837
7.01837
7.01837
7.01837
7.01837
7.01837
6.99837
7.01837
7.01837
7.01837
7.01837
7.01837
7.01837
7.01837
7.01837
7.01837
7.01837
7.01837
7.01837
7.01837
7.01837
7.01837
7.01837
7.01837
7.01837
7.01837
7.01837
7.01837
7.01837
7.01837
7.01837
7.01837
7.01837
7.01837
7.01837
7.01837
7.01837
7.01837
7.01837
7.01837
7.01837
7.01837
7.01837
7.01837
7.01837
7.01837
7.01837
7.01837
7.01837
7.01837
7.01837
7.01837
7.01837
7.01837
7.01837
7.01837
7.01837
7.01837
7.01837
7.01837
7.01837
7.01837
7.01837
7.01837
7.01837
7.01837
7.01837
7.01837
7.01837
7.01837
7.01837
7.01837
7.01837
7.01837
7.01837
7.01837
7.01837
7.01837
7.01837
7.01837
7.01837
7.01837
7.01837
7.01837
7.01837
7.01837
7.01837
7.01837
7.01837
7.01837
7.01837
7.01837
7.01837
7.01837
7.01837
7.01837
7.01837
7.01837
7.01837
7.01837
7.01837
7.01837
7.01837
7.01837
7.01837
7.01837
7.01837
7.01837
7.01837
7.01837
7.01837
7.01837
7.01837
7.01837
7.01837
7.01837
7.01837
7.01837
7.01837
7.01837
7.01837
7.01837
7.01837
7.01837
7.01837
7.01837
7.01837
7.01837
7.01837
7.01837
7.01837
7.01837
7.01837
7.01837
7.01837
7.01837
7.01837
7.01837
7.01837
7.01837
7.01837
7.01837
7.01837
7.01837
7.01837
7.01837
7.01837
7.01837
7.01837
7.01837
7.01837
7.01837
7.01837
7.01837
7.01837
7.01837
7.01837
7.01837
7.01837
7.01837
7.01837
7.01837
7.01837
7.01837
7.01837
7.01837
7.01837
7.01837
7.01837
7.01837
7.01837
7.01837
7.01837
7.01837
7.01837
7.01837
7.01837
7.01837
7.01837
7.01837
7.01837
7.01837
7.01837
7.01837
7.01837
7.01837
7.01837
7.01837
7.01837
7.01837
7.01837
7.01837
7.01837
7.01837
7.01837
7.01837
7.01837
7.01837
7.01837
7.01837
7.01837
7.01837
7.01837
7.01837
7.01837
7.01837
7.01837
7.01837
7.01837
7.01837
7.01837
7.01837
7.01837
7.01837
7.01837
7.01837
7.01837
7.01837
7.01837
7.01837
7.01837
7.01837
7.01837
7.01837
7.01837
7.01837
7.01837
7.01837
7.01837
7.01837
7.01837
7.01837
7.01837
7.01837
7.01837
7.01837
7.01837
7.01837
7.01837
7.01837
7.01837
7.01837
7.01837
7.01837
7.01837
7.01837
7.01837
7.01837
7.01837
7.01837
7.01837
7.01837
7.01837
7.01837
7.01837
7.01837
7.01837
7.01837
7.01837
7.01837
7.01837
7.01837
7.01837
7.01837
7.01837
7.01837
7.01837
7.01837
7.01837
7.01837
7.01837
7.01837
7.01837
7.01837
7.01837
7.01837
7.01837
7.01837
7.01837
7.01837
7.01837
7.01837
7.01837
7.01837
7.01837
7.01837
7.01837
7.01837
7.01837
7.01837
7.01837
7.01837
7.01837
7.01837
7.01837
7.01837
7.01837
7.01837
7.01837
7.01837
7.01837
7.01837
7.01837
7.01837
7.01837
7.01837
7.01837
7.01837
7.01837
7.01837
7.01837
7.01837
7.01837
7.01837
7.01837
7.01837
7.01837
7.01837
7.01837
7.01837
7.01837
7.01837
7.01837
7.01837
7.01837
7.01837
7.01837
7.01837
7.01837
7.01837
7.01837
7.01837
7.01837
7.01837
7.01837
7.01837
7.01837
7.01837
7.01837
7.01837
7.01837
7.01837
7.01837
7.01837
7.01837
7.01837
7.01837
7.01837
7.01837
7.01837
7.01837
7.01837
7.01837
7.01837
7.01837
7.01837
7.01837
7.01837
7.01837
7.01837
7.01837
7.01837
7.01837
7.01837
7.01837
7.01837
7.01837
7.01837
7.01837
7.01837
7.01837
7.01837
7.01837
7.01837
7.01837
7.01837
7.01837
7.01837
7.01837
7.01837
7.01837
7.01837
7.01837
7.01837
7.01837
7.01837
7.01837
7.01837
7.01837
7.01837
7.01837
7.01837
7.01837
7.01837
7.01837
7.01837
7.01837
7.01837
7.01837
7.01837
7.01837
7.01837
8.28495
8.28495
8.28495
8.28495
8.28495
8.28495
8.28495
8.28495
8.28495
8.28495
8.28495
8.28495
8.28495
8.28495
8.28495
8.28495
8.28495
8.28495
8.28495
8.28495
8.28495
8.28495
8.28495
8.28495
8.28495
8.28495
8.28495
8.28495
8.28495
8.28495
8.28495
8.28495
8.28495
8.28495
8.28495
8.28495
8.28495
8.28495
8.28495
8.28495
8.28495
8.28495
8.28495
8.28495
8.28495
8.28495
8.28495
8.28495
8.28105
8.28105
8.28105
8.28105
8.28105
8.28105
8.28105
8.28105
8.28105
8.28105
8.28105
8.28105
8.28105
8.28105
8.28105
8.28105
7.93835
8.28105
8.28105
8.28105
8.28105
8.28105
8.28105
8.28105
8.28105
8.28105
8.28105
8.28105
8.28105
8.28105
8.28105
8.28105
8.28105
8.28105
8.28105
8.28105
8.28105
8.28105
8.28105
8.28105
8.28105
8.28105
8.28105
8.28105
8.28105
8.28105
8.28105
8.28105
8.28105
8.28105
8.28105
8.28105
8.28105
8.28105
8.28105
8.28105
8.28105
8.28105
8.28105
8.28105
8.28105
8.28105
8.28105
8.28105
8.28105
8.28105
8.28105
8.28105
8.28105
8.28105
8.28105
8.28105
8.28105
8.28105
8.28105
8.28105
8.28105
8.28105
8.28105
8.28105
8.28105
8.28105
8.28105
8.28105
8.28105
8.28105
8.28105
8.28105
8.28105
8.28105
8.28105
8.28105
8.28105
8.28105
8.28105
8.28105
8.28105
8.28105
8.28105
8.28105
8.28105
8.28105
8.28105
8.28105
8.28105
8.28105
8.28105
8.28105
8.28105
8.28105
8.28105
8.28105
8.28105
8.28105
8.28105
8.28105
8.28105
8.28105
8.28105
8.28105
8.28105
7.33987
8.28105
8.28105
8.28105
8.28105
8.28105
8.28105
8.28105
8.28105
8.28105
8.28105
8.30542
8.30542
8.30542
8.30542
8.30542
8.30542
8.30542
8.30542
8.30542
8.30542
8.30542
8.30542
8.30542
8.30542
6.26981
8.30542
8.30542
8.30542
8.30542
8.30542
8.30542
8.30542
8.30542
8.30542
8.30542
8.30542
8.30542
8.30542
8.30542
8.30542
8.30542
8.30542
8.30542
8.30542
8.30542
8.30542
8.30542
8.30542
8.30542
8.30542
8.30542
8.30542
8.30542
8.30542
8.30542
8.28105
8.28105
6.22997
8.28105
8.28105
8.28105
8.28105
8.28105
8.28105
8.28105
8.28105
8.28105
8.28105
8.28105
8.28105
8.28105
8.28105
8.28105
8.28105
8.28105
8.28105
8.28105
8.28105
8.28105
8.28105
8.28105
8.28105
8.28105
8.28105
8.28105
8.28105
8.28105
8.28105
8.28105
8.28105
8.28105
8.28105
8.28105
8.28105
8.28105
8.28105
8.28105
8.28105
8.28105
8.28105
8.28105
8.28105
8.28105
8.28105
8.28105
8.28105
8.28105
8.28105
8.28105
8.28105
8.28105
8.28105
8.28105
8.28105
8.28105
8.28105
8.28105
8.28105
8.28105
8.28105
8.28105
8.28105
8.28105
8.28105
8.28105
8.28105
8.28105
8.28105
8.28105
8.28105
8.28105
8.28105
8.28105
8.28105
8.28105
8.28105
8.28105
8.28105
8.28105
6.22997
6.22997
6.22997
6.22997
6.22997
6.22997
6.22997
6.22997
6.22997
6.22997
6.22997
6.22997
6.22997
6.22997
6.22997
6.22997
6.22997
6.22997
6.22997
6.22997
6.22997
6.22997
6.22997
6.22997
6.22997
6.22997
6.22997
6.22997
6.22997
6.22997
6.22997
6.22997
6.22997
6.22997
6.22997
6.22997
6.22997
6.22997
6.22997
6.22997
6.22997
6.22997
6.22997
6.22997
6.22997
6.22997
6.22997
6.22997
6.22997
6.22997
6.22997
6.22997
6.22997
6.22997
6.22997
6.22997
6.22997
6.22997
6.22997
6.22997
6.22997
6.22997
6.22997
6.22997
6.22997
6.22997
6.22997
6.22997
6.22997
6.22997
6.22997
6.22997
6.22997
6.22997
6.22997
6.22997
6.22997
6.22997
6.22997
6.22997
6.22997
6.22997
6.22997
6.22997
6.22997
6.22997
6.22997
6.22997
6.22997
6.22997
6.22997
6.22997
6.22997
6.22997
6.22997
6.22997
6.22997
6.22997
6.22997
6.22997
6.22997
6.22997
6.22997
6.22997
6.22997
6.22997
6.22997
6.22997
6.22997
6.22997
6.22997
6.22997
6.22997
6.22997
6.22997
6.22997
6.22997
6.22997
6.22997
6.22997
6.22997
6.22997
6.22997
6.22997
6.22997
6.22997
6.22997
6.22997
6.22997
6.22997
6.22997
6.22997
6.22997
6.22997
6.22997
6.22997
6.22997
6.22997
6.22997
6.22997
6.22997
6.22997
6.22997
6.22997
6.22997
6.22997
6.22997
6.22997
6.22997
6.22997
6.22997
6.22997
6.22997
6.22997
6.22997
6.22997
6.22997
6.22997
6.22997
6.22997
6.22997
6.22997
6.22997
6.22997
6.22997
6.22997
6.22997
6.22997
6.22997
6.22997
6.22997
6.22997
6.22997
6.22997
6.22997
6.22997
6.22997
6.22997
6.22997
6.22997
6.22997
6.22997
6.22997
6.22997
6.22997
6.22997
6.22997
6.22997
6.22997
6.22997
6.22997
6.22997
6.22997
6.22997
6.22997
6.22997
6.22997
6.22997
6.22997
6.22997
6.22997
6.22997
6.22997
6.22997
6.22997
6.22997
6.22997
6.22997
6.22997
6.22997
6.22997
6.22997
6.22997
6.22997
6.22997
6.22997
6.22997
6.22997
6.22997
6.22997
6.22997
6.22997
6.22997
6.22997
6.22997
6.22997
6.22997
6.22997
6.22997
6.22997
6.22997
6.22997
6.22997
6.22997
6.22997
6.22997
6.22997
6.22997
6.22997
6.22997
6.22997
6.22997
6.22997
6.22997
6.22997
6.22997
6.22997
6.22997
6.22997
6.22997
6.22997
6.22997
6.22997
6.22997
6.22997
6.22997
6.22997
6.22997
6.22997
6.22997
6.22997
6.22997
6.22997
6.22997
6.22997
6.22997
6.22997
6.22997
6.22997
6.22997
6.22997
6.22997
6.22997
6.22997
6.22997
6.22997
6.22997
6.22997
6.22997
6.22997
6.22997
6.22997
6.22997
6.22997
6.22997
6.22997
6.22997
6.22997
6.22997
6.22997
6.22997
6.22997
6.22997
6.22997
6.22997
6.22997
6.22997
6.22997
6.22997
6.22997
6.22997
6.22997
6.22997
6.22997
6.22997
6.22997
6.22997
6.22997
6.22997
6.22997
6.22997
6.22997
6.22997
6.22997
6.22997
6.22997
6.22997
6.22997
6.22997
6.22997
6.22997
6.22997
6.22997
6.22997
6.22997
6.22997
6.22997
6.22997
6.22997
6.22997
6.22997
6.22997
6.22997
6.22997
6.22997
6.22997
6.22997
6.22997
6.22997
6.22997
6.22997
6.22997
6.22997
6.22997
6.22997
6.22997
6.22997
6.22997
6.22997
6.22997
6.22997
6.22997
6.22997
6.22997
6.22997
6.22997
6.22997
6.22997
6.22997
6.22997
6.22997
6.22997
6.22997
6.22997
6.22997
6.22997
6.22997
6.22997
6.22997
6.22997
6.22997
6.22997
6.22997
6.22997
6.22997
6.22997
6.22997
6.22997
6.22997
6.22997
6.22997
6.22997
6.22997
6.22997
6.22997
6.22997
6.22997
6.22997
6.22997
6.22997
6.22997
6.22997
6.22997
6.22997
6.22997
6.22997
6.22997
6.22997
6.22997
6.22997
6.22997
6.22997
6.22997
6.22997
6.22997
6.22997
6.22997
6.22997
6.22997
6.22997
6.22997
6.22997
6.22997
6.22997
6.22997
6.22997
6.22997
6.22997
6.22997
6.22997
6.22997
6.22997
6.22997
6.22997
6.22997
6.22997
6.22997
6.22997
6.22997
6.22997
6.22997
6.22997
6.22997
6.22997
6.22997
6.22997
6.22997
6.22997
6.22997
6.22997
6.22997
6.22997
6.22997
6.22997
6.22997
6.22997
6.22997
6.22997
6.22997
6.22997
6.22997
6.22997
6.22997
6.22997
6.22997
6.22997
6.22997
6.22997
6.22997
6.22997
6.22997
6.22997
6.22997
6.22997
6.22997
6.22997
6.22997
6.22997
6.22997
6.22997
6.22997
6.22997
6.22997
6.22997
6.22997
6.22997
6.22997
6.22997
6.22997
6.22997
6.22997
6.22997
6.22997
6.22997
6.22997
6.22997
6.22997
6.22997
6.22997
6.22997
6.22997
6.22997
6.22997
6.22997
6.22997
6.22997
6.22997
6.22997
6.22997
6.22997
6.22997
6.22997
6.22997
6.22997
6.22997
6.22997
6.22997
6.22997
6.22997
6.22997
6.22997
6.22997
6.22997
6.22997
6.22997
6.22997
6.22997
6.22997
6.22997
6.22997
6.22997
6.22997
6.22997
6.22997
6.22997
6.22997
6.22997
6.22997
6.22997
6.22997
6.22997
6.22997
6.22997
6.22997
6.22997
6.22997
6.22997
6.22997
6.22997
6.22997
6.22997
6.22997
6.22997
6.22997
6.22997
6.22997
6.22997
6.22997
6.22997
6.22997
6.22997
6.22997
6.22997
6.22997
6.22997
6.22997
6.22997
6.22997
6.22997
6.22997
6.22997
6.22997
6.22997
6.22997
6.22997
6.22997
6.22997
6.22997
6.22997
6.22997
6.22997
6.22997
6.22997
6.22997
6.22997
6.22997
6.22997
6.22997
6.22997
6.22997
6.22997
6.22997
6.22997
6.22997
6.22997
6.22997
6.22997
6.22997
6.22997
6.22997
6.22997
6.22997
6.22997
6.22997
6.22997
6.22997
6.22997
6.22997
6.22997
6.22997
6.22997
6.22997
6.22997
6.22997
6.22997
6.22997
6.22997
6.22997
6.22997
6.22997
6.22997
6.22997
6.22997
6.22997
6.22997
6.22997
6.22997
6.22997
6.22997
6.22997
6.22997
6.22997
6.22997
6.22997
6.22997
6.22997
6.22997
6.22997
6.22997
6.22997
6.22997
6.22997
6.22997
6.22997
6.22997
6.22997
6.22997
6.22997
6.22997
6.22997
6.22997
6.22997
6.22997
6.22997
6.22997
6.22997
6.22997
6.22997
6.22997
6.22997
6.22997
6.22997
6.22997
6.22997
6.22997
6.22997
6.22997
6.22997
6.22997
6.22997
6.22997
6.22997
6.22997
6.22997
6.22997
6.22997
6.22997
6.22997
6.22997
6.22997
6.22997
6.22997
6.22997
6.22997
6.22997
6.22997
6.22997
6.22997
6.22997
6.22997
6.22997
6.22997
6.22997
6.22997
6.22997
6.22997
6.22997
6.22997
6.22997
6.22997
6.22997
6.22997
6.22997
6.22997
6.22997
6.22997
6.22997
6.22997
6.22997
6.22997
6.22997
6.22997
6.22997
6.22997
6.22997
6.22997
6.22997
6.22997
6.22997
6.22997
6.22997
6.22997
6.22997
6.22997
6.22997
6.22997
6.22997
6.22997
6.22997
6.22997
6.22997
6.22997
6.22997
6.22997
6.22997
6.22997
6.22997
6.22997
6.22997
6.22997
6.22997
6.22997
6.22997
6.22997
6.22997
6.22997
6.22997
6.22997
6.22997
6.22997
6.22997
6.22997
6.22997
6.22997
6.22997
6.22997
6.22997
6.22997
6.22997
6.22997
6.22997
6.22997
6.22997
6.22997
6.22997
6.22997
6.22997
6.22997
6.22997
6.22997
6.22997
6.22997
6.22997
6.22997
6.22997
6.22997
6.22997
6.22997
6.22997
6.22997
6.22997
6.22997
6.22997
6.22997
6.22997
6.22997
6.22997
6.22997
6.22997
6.22997
6.22997
6.22997
6.22997
6.22997
6.22997
6.22997
6.22997
6.22997
6.22997
6.22997
6.22997
6.22997
6.22997
6.22997
6.22997
6.22997
6.22997
6.22997
6.22997
6.22997
6.22997
6.22997
6.22997
6.22997
6.22997
6.22997
6.22997
6.22997
6.22997
6.22997
6.22997
6.22997
6.22997
6.22997
6.22997
6.22997
6.22997
6.22997
6.22997
6.22997
6.22997
6.22997
6.22997
6.22997
6.22997
6.22997
6.22997
6.22997
6.22997
6.22997
6.22997
6.22997
6.22997
6.22997
6.22997
6.22997
6.22997
6.22997
6.22997
6.22997
6.22997
6.22997
6.22997
6.22997
6.22997
6.22997
6.22997
6.22997
6.22997
6.22997
6.22997
6.22997
6.22997
6.22997
6.22997
6.22997
6.22997
6.22997
6.22997
6.22997
6.22997
6.22997
6.22997
6.22997
6.22997
6.22997
6.22997
6.22997
6.22997
6.22997
6.22997
6.22997
6.22997
6.22997
6.22997
6.22997
6.22997
6.22997
6.22997
6.22997
6.22997
6.22997
6.22997
6.22997
6.22997
6.22997
6.22997
6.22997
6.22997
6.22997
6.22997
6.22997
6.22997
6.22997
6.22997
6.22997
6.22997
6.22997
6.22997
6.22997
6.22997
6.22997
6.22997
6.22997
6.22997
6.22997
6.22997
6.22997
6.22997
6.22997
6.22997
6.22997
6.22997
6.22997
6.22997
6.22997
6.22997
6.22997
6.22997
6.22997
6.22997
6.22997
6.22997
6.22997
6.22997
6.22997
6.22997
6.22997
6.22997
6.22997
6.22997
6.22997
6.22997
6.22997
6.22997
6.22997
6.22997
6.22997
6.22997
6.22997
6.22997
6.22997
6.22997
6.22997
6.22997
6.22997
6.22997
6.22997
6.22997
6.22997
6.22997
6.22997
6.22997
6.22997
6.22997
6.22997
6.22997
6.22997
6.22997
6.22997
6.22997
6.22997
6.22997
6.22997
6.22997
6.22997
6.22997
6.22997
6.22997
6.22997
6.22997
6.22997
6.22997
6.22997
6.22997
6.22997
6.22997
6.22997
6.22997
6.22997
6.22997
6.22997
6.22997
6.22997
6.22997
6.22997
6.22997
6.22997
6.22997
6.22997
6.22997
6.22997
6.22997
6.22997
6.22997
6.22997
6.22997
6.22997
6.22997
6.22997
6.22997
6.22997
6.22997
6.22997
6.22997
6.22997
6.22997
6.22997
6.22997
6.22997
6.22997
6.22997
6.22997
6.22997
6.22997
6.22997
6.22997
6.22997
6.22997
6.22997
6.22997
6.22997
6.22997
6.22997
6.22997
6.22997
6.22997
6.22997
6.22997
6.22997
6.22997
6.22997
6.22997
6.22997
6.22997
6.22997
6.22997
6.22997
6.22997
6.22997
6.22997
6.22997
6.22997
6.22997
6.22997
6.22997
6.22997
6.22997
6.22997
6.22997
6.22997
6.22997
6.22997
6.22997
6.22997
6.22997
6.22997
6.22997
6.22997
6.22997
6.22997
6.22997
6.22997
6.22997
6.22997
6.22997
6.22997
6.22997
6.22997
6.22997
6.22997
6.22997
6.22997
6.22997
6.22997
6.22997
6.22997
6.22997
6.22997
6.22997
6.22997
6.22997
6.22997
6.22997
6.22997
6.22997
6.22997
6.22997
6.22997
6.22997
6.22997
6.22997
6.22997
6.22997
6.22997
6.22997
6.22997
6.22997
6.22997
6.22997
6.22997
6.22997
6.22997
6.22997
6.22997
6.22997
6.22997
6.22997
6.22997
6.22997
6.22997
6.22997
6.22997
6.22997
6.22997
6.22997
6.22997
6.22997
6.22997
6.22997
6.22997
6.22997
6.22997
6.22997
6.22997
6.22997
6.22997
6.22997
6.22997
6.22997
6.22997
6.22997
6.22997
6.22997
6.22997
6.22997
6.22997
6.22997
6.22997
6.22997
6.22997
6.22997
6.22997
6.22997
6.22997
6.22997
6.22997
6.22997
6.22997
6.22997
6.22997
6.22997
6.22997
6.22997
6.22997
6.22997
6.22997
6.22997
6.22997
6.22997
6.22997
6.22997
6.22997
6.22997
6.22997
6.22997
6.22997
6.22997
6.22997
6.22997
6.22997
6.22997
6.22997
6.22997
6.22997
6.22997
6.22997
6.22997
6.22997
6.22997
6.22997
6.22997
6.22997
6.22997
6.22997
6.22997
6.22997
6.22997
6.22997
6.22997
6.22997
6.22997
6.22997
6.22997
6.22997
6.22997
6.22997
6.22997
6.22997
6.22997
6.22997
6.22997
6.22997
6.22997
6.22997
6.22997
6.22997
6.22997
6.22997
6.22997
6.22997
6.22997
6.22997
6.22997
6.22997
6.22997
6.22997
6.22997
6.22997
6.22997
6.22997
6.22997
6.22997
6.22997
6.22997
6.22997
6.22997
6.22997
6.22997
6.22997
6.22997
6.22997
6.22997
6.22997
6.22997
6.22997
6.22997
6.22997
6.22997
6.22997
6.22997
6.22997
6.22997
6.22997
6.22997
6.22997
6.22997
6.22997
6.22997
6.22997
6.22997
6.22997
6.22997
6.22997
6.22997
6.22997
6.22997
6.22997
6.22997
6.22997
6.22997
6.22997
6.22997
6.22997
6.22997
6.22997
6.22997
6.22997
6.22997
6.22997
6.22997
6.22997
6.22997
6.22997
6.22997
6.22997
6.22997
6.22997
6.22997
6.22997
6.22997
6.22997
6.22997
6.22997
6.22997
6.22997
6.22997
6.22997
6.22997
6.22997
6.22997
6.22997
6.22997
6.22997
6.22997
6.22997
6.22997
6.22997
6.22997
6.22997
6.22997
6.22997
6.22997
6.22997
6.22997
6.22997
6.22997
6.22997
6.22997
6.22997
6.22997
6.22997
6.22997
6.22997
6.22997
6.22997
6.22997
6.22997
6.22997
6.22997
6.22997
6.22997
6.22997
6.22997
6.22997
6.22997
6.22997
6.22997
6.22997
6.22997
6.22997
6.22997
6.22997
6.22997
6.22997
6.22997
6.22997
6.22997
6.22997
6.22997
6.22997
6.22997
6.22997
6.22997
6.22997
6.22997
6.22997
6.22997
6.22997
6.22997
6.22997
6.22997
6.22997
6.22997
6.22997
6.22997
6.22997
6.22997
6.22997
6.22997
6.22997
6.22997
6.22997
6.22997
6.22997
6.22997
6.22997
6.22997
6.22997
6.22997
6.22997
6.22997
6.22997
6.22997
6.22997
6.22997
6.22997
6.22997
6.22997
6.22997
6.22997
6.22997
6.22997
6.22997
6.22997
6.22997
6.22997
6.22997
6.22997
6.22997
6.22997
6.22997
6.22997
6.22997
6.22997
6.22997
6.22997
6.22997
6.22997
6.22997
6.22997
6.22997
6.22997
6.22997
6.22997
6.22997
6.22997
6.22997
6.22997
6.22997
6.22997
6.22997
6.22997
6.22997
6.22997
6.22997
6.22997
6.22997
6.22997
6.22997
6.22997
6.22997
6.22997
6.22997
6.22997
6.22997
6.22997
6.22997
6.22997
6.22997
6.22997
6.22997
6.22997
6.22997
6.22997
6.22997
6.22997
6.22997
6.22997
6.22997
6.22997
6.22997
6.22997
6.22997
6.22997
6.22997
6.22997
6.22997
6.22997
6.22997
6.22997
6.22997
6.22997
6.22997
6.22997
6.22997
6.22997
6.22997
6.22997
6.22997
6.22997
6.22997
6.22997
6.22997
6.22997
6.22997
6.22997
6.22997
6.22997
6.22997
6.22997
6.22997
6.22997
6.22997
6.22997
6.22997
6.22997
6.22997
6.22997
6.22997
6.22997
6.22997
6.22997
6.22997
6.22997
6.22997
6.22997
6.22997
6.22997
6.22997
6.22997
6.22997
6.22997
6.22997
6.22997
6.22997
6.22997
6.22997
6.22997
6.22997
6.22997
6.22997
6.22997
6.22997
6.22997
6.22997
6.22997
6.22997
6.22997
6.22997
6.22997
6.22997
6.22997
6.22997
6.22997
6.22997
6.22997
6.22997
6.22997
6.22997
6.22997
6.22997
6.22997
6.22997
6.22997
6.22997
6.22997
6.22997
6.22997
6.22997
6.22997
6.22997
6.22997
6.22997
6.22997
6.22997
6.22997
6.22997
6.22997
6.22997
6.22997
6.22997
6.22997
6.22997
6.22997
6.22997
6.22997
6.22997
6.22997
6.22997
6.22997
6.22997
6.22997
6.22997
6.22997
6.22997
6.22997
6.22997
6.22997
6.22997
6.22997
6.22997
6.22997
6.22997
6.22997
6.22997
6.22997
6.22997
6.22997
6.22997
6.22997
6.22997
6.22997
6.22997
6.22997
6.22997
6.22997
6.22997
6.22997
6.22997
6.22997
6.22997
6.22997
6.22997
6.22997
6.22997
6.22997
6.22997
6.22997
6.22997
6.22997
6.22997
6.22997
6.22997
6.22997
6.22997
6.22997
6.22997
6.22997
6.22997
6.22997
6.22997
6.22997
6.22997
6.22997
6.22997
6.22997
6.22997
6.22997
6.22997
6.22997
6.22997
6.22997
6.22997
6.22997
6.22997
6.22997
6.22997
6.22997
6.22997
6.22997
6.22997
6.22997
6.22997
6.22997
6.22997
6.22997
6.22997
6.22997
6.22997
6.22997
6.22997
6.22997
6.22997
6.22997
6.22997
6.22997
6.22997
6.22997
6.22997
6.22997
6.22997
6.22997
6.22997
6.22997
6.22997
6.22997
6.22997
6.22997
6.22997
6.22997
6.22997
6.22997
6.22997
6.22997
6.22997
6.22997
6.22997
6.22997
6.22997
6.22997
6.22997
6.22997
6.22997
6.22997
6.22997
6.22997
6.22997
6.22997
6.22997
6.22997
6.22997
6.22997
6.22997
6.22997
6.22997
6.22997
6.22997
6.22997
6.22997
6.22997
6.22997
6.22997
6.22997
6.22997
6.22997
6.22997
6.22997
6.22997
6.22997
6.22997
6.22997
6.22997
6.22997
6.22997
6.22997
6.22997
6.22997
6.22997
6.22997
6.22997
6.22997
6.22997
6.22997
6.22997
6.22997
6.22997
6.22997
6.22997
6.22997
6.22997
6.22997
6.22997
6.22997
6.22997
6.22997
6.22997
6.22997
6.22997
6.22997
6.22997
6.22997
6.22997
6.22997
6.22997
6.22997
6.22997
6.22997
6.22997
6.22997
6.22997
6.22997
6.22997
6.22997
6.22997
6.22997
6.22997
6.22997
6.22997
6.22997
6.22997
6.22997
6.22997
6.22997
6.22997
6.22997
6.22997
6.22997
6.22997
6.22997
6.22997
6.22997
6.22997
6.22997
6.22997
6.22997
6.22997
6.22997
6.22997
6.22997
6.22997
6.22997
6.22997
6.22997
6.22997
6.22997
6.22997
6.22997
6.22997
6.22997
6.22997
6.22997
6.22997
6.22997
6.22997
6.22997
6.22997
6.22997
6.22997
6.22997
6.22997
6.22997
6.22997
6.22997
6.22997
6.22997
6.22997
6.22997
6.22997
6.22997
6.22997
6.22997
6.22997
6.22997
6.22997
6.22997
6.22997
6.22997
6.22997
6.22997
6.22997
6.22997
6.22997
6.22997
6.22997
6.22997
6.22997
6.22997
6.22997
6.22997
6.22997
6.22997
6.22997
6.22997
6.22997
6.22997
6.22997
6.22997
6.22997
6.22997
6.22997
6.22997
6.22997
6.22997
6.22997
6.22997
6.22997
6.22997
6.22997
6.22997
6.22997
6.22997
6.22997
6.22997
6.22997
6.22997
6.22997
6.22997
6.22997
6.22997
6.22997
6.22997
6.22997
6.22997
6.22997
6.22997
6.22997
6.22997
6.22997
6.22997
6.22997
6.22997
6.22997
6.22997
6.22997
6.22997
6.22997
6.22997
6.22997
6.22997
6.22997
6.22997
6.22997
6.22997
6.22997
6.22997
6.22997
6.22997
6.22997
6.22997
6.22997
6.22997
6.22997
6.22997
6.22997
6.22997
6.22997
6.22997
6.22997
6.22997
6.22997
6.22997
6.22997
6.22997
6.22997
6.22997
6.22997
6.22997
6.22997
6.22997
6.22997
6.22997
6.22997
6.22997
6.22997
6.22997
6.22997
6.22997
6.22997
6.22997
6.22997
6.22997
6.22997
6.22997
6.22997
6.22997
6.22997
6.22997
6.22997
6.22997
6.22997
6.22997
6.22997
6.22997
6.22997
6.22997
6.22997
6.22997
6.22997
6.22997
6.22997
6.22997
6.22997
6.22997
6.22997
6.22997
6.22997
6.22997
6.22997
6.22997
6.22997
6.22997
6.22997
6.22997
6.22997
6.22997
6.22997
6.22997
6.22997
6.22997
6.22997
6.22997
6.22997
6.22997
6.22997
6.22997
6.22997
6.22997
6.22997
6.22997
6.22997
6.22997
6.22997
6.22997
6.22997
6.22997
6.22997
6.22997
6.22997
6.22997
6.22997
6.22997
6.22997
6.22997
6.22997
6.22997
6.22997
6.22997
6.22997
6.22997
6.22997
6.22997
6.22997
6.22997
6.22997
6.22997
6.22997
6.22997
6.22997
6.22997
6.22997
6.22997
6.22997
6.22997
6.22997
6.22997
6.22997
6.22997
6.22997
6.22997
6.22997
6.22997
6.22997
6.22997
6.22997
6.22997
6.22997
6.22997
6.22997
6.22997
6.22997
6.22997
6.22997
6.22997
6.22997
6.22997
6.22997
6.22997
6.22997
6.22997
6.22997
6.22997
6.22997
6.22997
6.22997
6.22997
6.22997
6.22997
6.22997
6.22997
6.22997
6.22997
6.22997
6.22997
6.22997
6.22997
6.22997
6.22997
6.22997
6.22997
6.22997
6.22997
6.22997
6.22997
6.22997
6.22997
6.22997
6.22997
6.22997
6.22997
6.22997
6.22997
6.22997
6.22997
6.22997
6.22997
6.22997
6.22997
6.22997
6.22997
6.22997
6.22997
6.22997
6.22997
6.22997
6.22997
6.22997
6.22997
6.22997
6.22997
6.22997
6.22997
6.22997
6.22997
6.22997
6.22997
6.22997
6.22997
6.22997
6.22997
6.22997
6.22997
6.22997
6.22997
6.22997
6.22997
6.22997
6.22997
6.22997
6.22997
6.22997
6.22997
6.22997
6.22997
6.22997
6.22997
6.22997
6.22997
6.22997
6.22997
6.22997
6.22997
6.22997
6.22997
6.22997
6.22997
6.22997
6.22997
6.22997
6.22997
6.22997
6.22997
6.22997
6.22997
6.22997
6.22997
6.22997
6.22997
6.22997
6.22997
6.22997
6.22997
6.22997
6.22997
6.22997
6.22997
6.22997
6.22997
6.22997
6.22997
6.22997
6.22997
6.22997
6.22997
6.22997
6.22997
6.22997
6.22997
6.22997
6.22997
6.22997
6.22997
6.22997
6.22997
6.22997
6.22997
6.22997
6.22997
6.22997
6.22997
6.22997
6.22997
6.22997
6.22997
6.22997
6.22997
6.22997
6.22997
6.22997
6.22997
6.22997
6.22997
6.22997
6.22997
6.22997
6.22997
6.22997
6.22997
6.22997
6.22997
6.22997
6.22997
6.22997
6.22997
6.22997
6.22997
6.22997
6.22997
6.22997
6.22997
6.22997
6.22997
6.22997
6.22997
6.22997
6.22997
6.22997
6.22997
6.22997
6.22997
6.22997
6.22997
6.22997
6.22997
6.22997
6.22997
6.22997
6.22997
6.22997
6.22997
6.22997
6.22997
6.22997
6.22997
6.22997
6.22997
6.22997
6.22997
6.22997
6.22997
6.22997
6.22997
6.22997
6.22997
6.22997
6.22997
6.22997
6.22997
6.22997
6.22997
6.22997
6.22997
6.22997
6.22997
6.22997
6.22997
6.22997
6.22997
6.22997
6.22997
6.22997
6.22997
6.22997
6.22997
6.22997
6.22997
6.22997
6.22997
6.22997
6.22997
6.22997
6.22997
6.22997
6.22997
6.22997
6.22997
6.22997
6.22997
6.22997
6.22997
6.22997
6.22997
6.22997
6.22997
6.22997
6.22997
6.22997
6.22997
6.22997
6.22997
6.22997
6.22997
6.22997
6.22997
6.22997
6.22997
6.22997
6.22997
6.22997
6.22997
6.22997
6.22997
6.22997
6.22997
6.22997
6.22997
6.22997
6.22997
6.22997
6.22997
6.22997
6.22997
6.22997
6.22997
6.22997
6.22997
6.22997
6.22997
6.22997
6.22997
6.22997
6.22997
6.22997
6.22997
6.22997
6.22997
6.22997
6.22997
6.22997
6.22997
6.22997
6.22997
6.22997
6.22997
6.22997
6.22997
6.22997
6.22997
6.22997
6.22997
6.22997
6.22997
6.22997
6.22997
6.22997
6.22997
6.22997
6.22997
6.22997
6.22997
6.22997
6.22997
6.22997
6.22997
6.22997
6.22997
6.22997
6.22997
6.22997
6.22997
6.22997
6.22997
6.22997
6.22997
6.22997
6.22997
6.22997
6.22997
6.22997
6.22997
6.22997
6.22997
6.22997
6.22997
6.22997
6.22997
6.22997
6.22997
6.22997
6.22997
6.22997
6.22997
6.22997
6.22997
6.22997
6.22997
6.22997
6.22997
6.22997
6.22997
6.22997
6.22997
6.22997
6.22997
6.22997
6.22997
6.22997
6.22997
6.22997
6.22997
6.22997
6.22997
6.22997
6.22997
6.22997
6.22997
6.22997
6.22997
6.22997
6.22997
6.22997
6.22997
6.22997
6.22997
6.22997
6.22997
6.22997
6.22997
6.22997
6.22997
6.22997
6.22997
6.22997
6.22997
6.22997
6.22997
6.22997
6.22997
6.22997
6.22997
6.22997
6.22997
6.22997
6.22997
6.22997
6.22997
6.22997
6.22997
6.22997
6.22997
6.22997
6.22997
6.22997
6.22997
6.22997
6.22997
6.22997
6.22997
6.22997
6.22997
6.22997
6.22997
6.22997
6.22997
6.22997
6.22997
6.22997
6.22997
6.22997
6.22997
6.22997
6.22997
6.22997
6.22997
6.22997
6.22997
6.22997
6.22997
6.22997
6.22997
6.22997
6.22997
6.22997
6.22997
6.22997
6.22997
6.22997
6.22997
6.22997
6.22997
6.22997
6.22997
6.22997
6.22997
6.22997
6.22997
6.22997
6.22997
6.22997
6.22997
6.22997
6.22997
6.22997
6.22997
6.22997
6.22997
6.22997
6.22997
6.22997
6.22997
6.22997
6.22997
6.22997
6.22997
6.22997
6.22997
6.22997
6.22997
6.22997
6.22997
6.22997
6.22997
6.22997
6.22997
6.22997
6.22997
6.22997
6.22997
6.22997
6.22997
6.22997
6.22997
6.22997
6.22997
6.22997
6.22997
6.22997
6.22997
6.22997
6.22997
6.22997
6.22997
6.22997
6.22997
6.22997
6.22997
6.22997
6.22997
6.22997
6.22997
6.22997
6.22997
6.22997
6.22997
6.22997
6.22997
6.22997
6.22997
6.22997
6.22997
6.22997
6.22997
6.22997
6.22997
6.22997
6.22997
6.22997
6.22997
6.22997
6.22997
6.22997
6.22997
6.22997
6.22997
6.22997
6.22997
6.22997
6.22997
6.22997
6.22997
6.22997
6.22997
6.22997
6.22997
6.22997
6.22997
6.22997
6.22997
6.22997
6.22997
6.22997
6.22997
6.22997
6.22997
6.22997
6.22997
6.22997
6.22997
6.22997
6.22997
6.22997
6.22997
6.22997
6.22997
6.22997
6.22997
6.22997
6.22997
6.22997
6.22997
6.22997
6.22997
6.22997
6.22997
6.22997
6.22997
6.22997
6.22997
6.22997
6.22997
6.22997
6.22997
6.22997
6.22997
6.22997
6.22997
6.22997
6.22997
6.22997
6.22997
6.22997
6.22997
6.22997
6.22997
6.22997
6.22997
6.22997
6.22997
6.22997
6.22997
6.22997
6.22997
6.22997
6.22997
6.22997
6.22997
6.22997
6.22997
6.22997
6.22997
6.22997
6.22997
6.22997
6.22997
6.22997
6.22997
6.22997
6.22997
6.22997
6.22997
6.22997
6.22997
6.22997
6.22997
6.22997
6.22997
6.22997
6.22997
6.22997
6.22997
6.22997
6.22997
6.22997
6.22997
6.22997
6.22997
6.22997
6.22997
6.22997
6.22997
6.22997
6.22997
6.22997
6.22997
6.22997
6.22997
6.22997
6.22997
6.22997
6.22997
6.22997
6.22997
6.22997
6.22997
6.22997
6.22997
6.22997
6.22997
6.22997
6.22997
6.22997
6.22997
6.22997
6.22997
6.22997
6.22997
6.22997
6.22997
6.22997
6.22997
6.22997
6.22997
6.22997
6.22997
6.22997
6.22997
6.22997
6.22997
6.22997
6.22997
6.22997
6.22997
6.22997
6.22997
6.22997
6.22997
6.22997
6.22997
6.22997
6.22997
6.22997
6.22997
6.22997
6.22997
6.22997
6.22997
6.22997
6.22997
6.22997
6.22997
6.22997
6.22997
6.22997
6.22997
6.22997
6.22997
6.22997
6.22997
6.22997
6.22997
6.22997
6.22997
6.22997
6.22997
6.22997
6.22997
6.22997
6.22997
6.22997
6.22997
6.22997
6.22997
6.22997
6.22997
6.22997
6.22997
6.22997
6.22997
6.22997
6.22997
6.22997
6.22997
6.22997
6.22997
6.22997
6.22997
6.22997
6.22997
6.22997
6.22997
6.22997
6.22997
6.22997
6.22997
6.22997
6.22997
6.22997
6.22997
6.22997
6.22997
6.22997
6.22997
6.22997
6.22997
6.22997
6.22997
6.22997
6.22997
6.22997
6.22997
6.22997
6.22997
6.22997
6.22997
6.22997
6.22997
6.22997
6.22997
6.22997
6.22997
6.22997
6.22997
6.22997
6.22997
6.22997
6.22997
6.22997
6.22997
6.22997
6.22997
6.22997
6.22997
6.22997
6.22997
6.22997
6.22997
6.22997
6.22997
6.22997
6.22997
6.22997
6.22997
6.22997
6.22997
6.22997
6.22997
6.22997
6.22997
6.22997
6.22997
6.22997
6.22997
6.22997
6.22997
6.22997
6.22997
6.22997
6.22997
6.22997
6.22997
6.22997
6.22997
6.22997
6.22997
6.22997
6.22997
6.22997
6.22997
6.22997
6.22997
6.22997
6.22997
6.22997
6.22997
6.22997
6.22997
6.22997
6.22997
6.22997
6.22997
6.22997
6.22997
6.22997
6.22997
6.22997
6.22997
6.22997
6.22997
6.22997
6.22997
6.22997
6.22997
6.22997
6.22997
6.22997
6.22997
6.22997
6.22997
6.22997
6.22997
6.22997
6.22997
6.22997
6.22997
6.22997
6.22997
6.22997
6.22997
6.22997
6.22997
6.22997
6.22997
6.22997
6.22997
6.22997
6.22997
6.22997
6.22997
6.22997
6.22997
6.22997
6.22997
6.22997
6.22997
6.22997
6.22997
6.22997
6.22997
6.22997
6.22997
6.22997
6.22997
6.22997
6.22997
6.22997
6.22997
6.22997
6.22997
6.22997
6.22997
6.22997
6.22997
6.22997
6.22997
6.22997
6.22997
6.22997
6.22997
6.22997
6.22997
6.22997
6.22997
6.22997
6.22997
6.22997
6.22997
6.22997
6.22997
6.22997
6.22997
6.22997
6.22997
6.22997
6.22997
6.22997
6.22997
6.22997
6.22997
6.22997
6.22997
6.22997
6.22997
6.22997
6.22997
6.22997
6.22997
6.22997
6.22997
6.22997
6.22997
6.22997
6.22997
6.22997
6.22997
6.22997
6.22997
6.22997
6.22997
6.22997
6.22997
6.22997
6.22997
6.22997
6.22997
6.22997
6.22997
6.22997
6.22997
6.22997
6.22997
6.22997
6.22997
6.22997
6.22997
6.22997
6.22997
6.22997
6.22997
6.22997
6.22997
6.22997
6.22997
6.22997
6.22997
6.22997
6.22997
6.22997
6.22997
6.22997
6.22997
6.22997
6.22997
6.22997
6.22997
6.22997
6.22997
6.22997
6.22997
6.22997
6.22997
6.22997
6.22997
6.22997
6.22997
6.22997
6.22997
6.22997
6.22997
6.22997
6.22997
6.22997
6.22997
6.22997
6.22997
6.22997
6.22997
6.22997
6.22997
6.22997
6.22997
6.22997
6.22997
6.22997
6.22997
6.22997
6.22997
6.22997
6.22997
6.22997
6.22997
6.22997
6.22997
6.22997
6.22997
6.22997
6.22997
6.22997
6.22997
6.22997
6.22997
6.22997
6.22997
6.22997
6.22997
6.22997
6.22997
6.22997
6.22997
6.22997
6.22997
6.22997
6.22997
6.22997
6.22997
6.22997
6.22997
6.22997
6.22997
6.22997
6.22997
6.22997
6.22997
6.22997
6.22997
6.22997
6.22997
6.22997
6.22997
6.22997
6.22997
6.22997
6.22997
6.22997
6.22997
6.22997
6.22997
6.22997
6.22997
6.22997
6.22997
6.22997
6.22997
6.22997
6.22997
6.22997
6.22997
6.22997
6.22997
6.22997
6.22997
6.22997
6.22997
6.22997
6.22997
6.22997
6.22997
6.22997
6.22997
6.22997
6.22997
6.22997
6.22997
6.22997
6.22997
6.22997
6.22997
6.22997
6.22997
6.22997
6.22997
6.22997
6.22997
6.22997
6.22997
6.22997
6.22997
6.22997
6.22997
6.22997
6.22997
6.22997
6.22997
6.22997
6.22997
6.22997
6.22997
6.22997
6.22997
6.22997
6.22997
6.22997
6.22997
6.22997
6.22997
6.22997
6.22997
6.22997
6.22997
6.22997
6.22997
6.22997
6.22997
6.22997
6.22997
6.22997
6.22997
6.22997
6.22997
6.22997
6.22997
6.22997
6.22997
6.22997
6.22997
6.22997
6.22997
6.22997
6.22997
6.22997
6.22997
6.22997
6.22997
6.22997
6.22997
6.22997
6.22997
6.22997
6.22997
6.22997
6.22997
6.22997
6.22997
6.22997
6.22997
6.22997
6.22997
6.22997
6.22997
6.22997
6.22997
6.22997
6.22997
6.22997
6.22997
6.22997
6.22997
6.22997
6.22997
6.22997
6.22997
6.22997
6.22997
6.22997
6.22997
6.22997
6.22997
6.22997
6.22997
6.22997
6.22997
6.22997
6.22997
6.22997
6.22997
7.25792
7.25792
6.52635
6.52635
6.52364
6.52364
6.46846
6.46846
6.46718
6.46718
6.467
6.467
6.467
6.467
6.467
6.467
6.467
6.467
6.467
6.467
6.38554
6.38554
6.38554
6.38554
6.38554
6.22997
6.22997
6.22997
6.22997
6.22997
6.22997
6.22997
6.22997
6.22997
6.22997
6.22997
6.22997
6.22997
6.22997
6.22997
6.22997
6.22997
6.22997
6.22997
6.22997
6.22997
6.22997
6.22997
6.22997
6.22997
6.22997
6.22997
6.22997
6.22997
6.22997
6.22997
6.22997
6.22997
6.22997
6.22997
6.22997
6.22997
6.22997
6.22997
6.22997
6.22997
6.22997
6.22997
6.22997
6.22997
6.22997
6.22997
6.22997
6.22997
6.22997
6.22997
6.22997
6.22997
6.22997
6.22997
6.22997
6.22997
6.22997
6.22997
6.22997
6.22997
6.22997
6.22997
6.22997
6.22997
6.22997
6.22997
6.22997
6.22997
6.22997
6.22997
6.22997
6.22997
6.22997
6.22997
6.22997
6.22997
6.22997
6.22997
6.22997
6.22997
6.22997
6.22997
6.22997
6.22997
6.22997
6.22997
6.22997
6.22997
6.22997
6.22997
6.22997
6.22997
6.22997
6.22997
6.22997
6.22997
6.22997
6.22997
6.22997
6.22997
6.22997
6.22997
6.22997
6.22997
6.22997
6.22997
6.22997
6.22997
6.22997
6.22997
6.22997
6.22997
6.22997
6.22997
6.22997
6.22997
6.22997
6.22997
6.22997
6.22997
6.22997
6.22997
6.22997
6.22997
6.22997
6.22997
6.22997
6.22997
6.22997
6.22997
6.22997
6.28661
6.28661
6.28661
6.28661
6.28661
6.28661
6.28661
6.28661
6.28661
6.28661
6.28661
6.28661
6.28661
6.28661
6.28661
6.28661
6.28661
6.28661
6.28661
6.28661
6.28661
6.28661
6.28661
6.28661
6.28661
6.28661
6.28661
6.28661
6.28661
6.28661
6.28661
6.28661
6.28661
6.28661
6.28661
6.28661
6.28661
6.22997
6.22997
6.22997
6.22997
6.22997
6.22997
6.22997
6.22997
6.22997
6.22997
6.22997
6.22997
6.22997
6.22997
6.22997
6.22997
6.22997
6.22997
6.22997
6.22997
6.22997
6.22997
6.22997
6.22997
6.22997
6.22997
6.22997
6.22997
6.22997
6.22997
6.22997
6.22997
6.22997
6.22997
6.22997
6.22997
6.22997
6.22997
6.22997
6.22997
6.22997
6.22997
6.22997
6.22997
6.22997
6.22997
6.22997
6.22997
6.22997
6.22997
6.22997
6.22997
6.22997
6.22997
6.22997
6.22997
6.22997
6.22997
6.22997
6.22997
6.22997
6.22997
6.22997
6.22997
6.22997
6.22997
6.22997
6.22997
6.22997
6.22997
6.22997
6.22997
6.22997
6.22997
6.22997
6.22997
6.22997
6.22997
6.22997
6.22997
6.22997
6.22997
6.22997
6.22997
6.22997
6.22997
6.22997
6.22997
6.22997
6.22997
6.22997
6.22997
6.22997
6.22997
6.22997
6.22997
6.22997
6.22997
6.22997
6.22997
6.22997
6.22997
6.22997
6.22997
6.22997
6.22997
6.22997
6.22997
6.22997
6.22997
6.22997
6.22997
6.22997
6.22997
6.22997
6.22997
6.22997
6.22997
6.22997
6.22997
6.22997
6.22997
6.22997
6.22997
6.22997
6.22997
6.22997
6.22997
6.22997
6.22997
6.22997
6.22997
6.22997
6.22997
6.22997
6.22997
6.22997
6.22997
6.22997
6.22997
6.22997
6.22997
6.22997
6.22997
6.22997
6.22997
6.22997
6.22997
6.22997
6.22997
6.22997
6.22997
6.22997
6.22997
6.22997
6.22997
6.22997
6.22997
6.22997
6.22997
6.22997
6.22997
6.22997
6.22997
6.22997
6.22997
6.22997
6.22997
6.22997
6.22997
6.22997
6.22997
6.22997
6.22997
6.22997
6.22997
6.22997
6.22997
6.22997
6.22997
6.22997
6.22997
6.22997
6.22997
6.22997
6.22997
6.22997
6.22997
6.22997
6.22997
6.22997
6.22997
6.22997
6.22997
6.22997
6.22997
6.22997
6.22997
6.22997
6.22997
6.22997
6.22997
6.22997
6.22997
6.22997
6.22997
6.22997
6.22997
6.22997
6.22997
6.22997
6.22997
6.22997
6.22997
6.22997
6.22997
6.22997
6.22997
6.22997
6.22997
6.22997
6.22997
6.22997
6.22997
6.22997
6.22997
6.22997
6.22997
6.22997
6.22997
6.22997
6.22997
6.22997
6.22997
6.22997
6.22997
6.22997
6.22997
6.22997
6.22997
6.22997
6.22997
6.22997
6.22997
6.22997
6.22997
6.22997
6.31446
6.31446
6.31446
6.22997
6.31446
6.31446
6.31446
6.31446
6.31446
6.30192
6.22997
6.22997
6.22997
6.22997
6.22997
6.22997
6.22997
6.22997
6.22997
6.22997
6.22997
6.22997
6.22997
6.22997
6.22997
6.22997
6.22997
6.22997
6.22997
6.22997
6.22997
6.22997
6.22997
6.22997
6.22997
6.22997
6.22997
6.22997
6.22997
6.22997
6.22997
6.22997
6.22997
6.22997
6.22997
6.22997
6.22997
6.22997
6.22997
6.22997
6.22997
6.22997
6.22997
6.22997
6.22997
6.22997
6.22997
6.22997
6.22997
6.22997
6.22997
6.22997
6.22997
6.22997
6.22997
6.22997
6.22997
6.22997
6.22997
6.22997
6.22997
6.22997
6.22997
6.22997
6.22997
6.22997
6.22997
6.22997
6.22997
6.22997
6.22997
6.22997
6.22997
6.22997
6.22997
6.22997
6.22997
6.22997
6.22997
6.22997
6.22997
6.22997
6.22997
6.22997
6.22997
6.22997
6.22997
6.22997
6.22997
6.22997
6.22997
6.22997
6.22997
6.22997
6.22997
6.22997
6.22997
6.22997
6.22997
6.22997
6.22997
6.22997
6.22997
6.22997
6.22997
6.22997
6.22997
6.22997
6.22997
6.22997
6.22997
6.22997
6.22997
6.22997
6.22997
6.22997
6.22997
6.22997
6.22997
6.22997
6.22997
6.22997
6.22997
6.22997
6.22997
6.22997
6.22997
6.22997
6.22997
6.22997
6.22997
6.22997
6.22997
6.22997
6.22997
6.22997
6.22997
6.22997
6.22997
6.22997
6.22997
6.22997
6.22997
6.22997
6.22997
6.22997
6.22997
6.22997
6.22997
6.22997
6.22997
6.22997
6.22997
6.22997
6.22997
6.22997
6.22997
6.22997
6.22997
6.22997
6.22997
6.22997
6.22997
