14.4559
14.4559
12.9071
12.38
12.1021
11.9667
11.9667
11.9667
9.60756
9.8164
9.8164
10.062
10.0173
9.97409
10.2999
10.0353
9.79523
10.2364
9.97261
10.5783
10.0367
10.6148
10.26
9.99207
9.99207
9.98825
9.45868
9.45868
9.45868
9.26771
9.09398
9.28197
9.25727
9.05331
8.84416
9.03471
8.70393
8.70393
9.26142
8.88064
8.99141
8.99564
8.62295
8.6626
8.56785
8.75357
8.50648
8.50648
8.40468
8.51087
8.51087
8.81307
8.76661
8.82103
7.62111
7.53288
7.62111
7.62111
7.87502
7.87502
7.87502
7.89094
7.89094
8.47849
8.68868
8.73493
8.73493
8.4842
8.4842
7.9095
7.59105
7.62509
8.08505
7.62509
8.67123
8.46492
8.13724
8.73474
8.10694
8.1181
8.74691
8.50983
8.7021
8.60853
8.68986
8.68986
8.21111
8.21111
7.66765
7.66765
7.66765
7.99565
8.25906
8.73585
8.74602
8.69167
8.46475
8.12771
8.33977
8.71074
9.01446
8.60467
8.76208
8.49793
8.98407
8.6601
8.21425
8.21425
8.21425
8.68921
9.06976
7.70196
8.51327
8.51327
8.51327
8.51327
8.80883
8.54951
8.36722
8.68019
8.7498
8.78399
9.45451
8.26585
8.60261
8.33954
8.26354
8.26354
8.27184
8.27184
8.27184
8.27184
8.27184
8.04783
8.27184
8.67956
8.70665
8.65913
8.69458
9.33937
9.0509
8.87104
8.81478
9.02912
9.38508
9.51695
9.51628
9.32525
9.00571
8.86234
8.81804
8.42815
8.3849
8.26371
8.79083
8.83034
8.83034
7.91881
8.35188
8.35188
8.21067
8.10352
8.10352
8.04418
7.9652
8.0599
8.02758
8.07734
7.8749
7.8749
7.46387
7.51181
7.51181
7.70765
7.39625
7.39625
7.52554
7.44899
8.19344
7.39581
7.53422
8.19434
8.51873
8.40335
8.45255
7.76603
7.69841
7.54613
7.54613
7.54613
7.8324
7.62442
7.62442
7.62442
7.62442
7.62442
7.64338
7.74691
7.64011
8.0149
8.56254
8.06738
7.92482
8.13737
8.13737
7.8462
7.8462
7.8462
7.8462
7.837
7.82041
7.74793
7.67229
7.57472
7.53717
7.35863
7.36335
7.36335
7.35863
7.35816
7.36335
7.36335
7.35863
7.35694
7.32725
7.29281
7.28762
7.28652
7.28133
7.26495
7.22596
7.22596
7.22077
7.22077
7.2109
7.06386
6.83126
6.70735
6.70735
6.54174
6.54174
6.54174
6.54174
6.54174
6.54174
6.51193
6.51193
6.51193
6.47695
6.47695
6.47432
6.44714
6.27711
6.20969
6.20969
6.20969
6.20969
6.20969
6.20969
6.20969
6.20969
6.20969
6.20969
6.20969
6.20969
6.1894
5.93795
6.20026
6.20026
6.20026
5.86682
5.86682
5.86682
5.86682
5.86682
5.80697
5.80697
5.80697
5.80697
5.80697
5.80697
5.80697
5.80697
5.80697
5.80697
5.80697
5.80697
5.80697
5.80697
5.80697
5.80697
5.80697
5.67567
5.67567
5.67567
5.80697
5.80697
5.80697
5.68478
5.68478
5.68478
5.68478
5.58194
5.58194
5.58194
5.58194
5.58194
5.58194
5.58194
5.58194
5.58194
5.58194
5.44649
5.44649
5.44649
5.44649
5.44649
5.44649
5.44649
5.44649
5.44649
5.44649
5.44649
5.44649
5.44649
5.44649
5.44649
5.44649
5.44649
5.44649
5.44649
5.44649
5.44649
5.44649
5.44649
5.44649
5.44649
5.44649
5.44649
5.44649
5.25363
5.44649
5.44649
5.31442
5.24446
5.24446
5.24446
5.24446
5.24446
5.24446
5.24446
5.24446
5.24446
5.24446
5.24446
5.24446
5.24446
5.24446
5.24446
5.24446
5.24446
5.24446
5.24446
5.24446
5.24446
5.24446
5.24446
5.24446
5.24446
5.24446
5.24446
5.2212
5.2212
5.2212
5.2212
5.2212
5.2212
5.2212
5.2212
5.2212
5.2212
5.2212
5.2212
5.2212
5.2212
5.2212
5.2212
5.2212
5.2212
5.2212
5.2212
5.2212
5.2212
5.2212
5.21658
5.21658
5.21658
5.21658
5.21658
5.21658
5.21658
5.10639
5.10639
5.10639
5.10639
5.10639
5.10639
5.02372
5.02372
5.02372
5.21658
5.21658
5.21658
5.21658
5.21658
5.21658
5.21658
5.21658
5.21658
5.21658
5.21658
5.07325
5.07325
5.07325
5.10868
5.10868
5.21658
5.21658
5.21658
5.21658
5.21658
5.21658
5.21658
5.21658
5.21658
5.21658
5.21658
5.21658
5.21658
5.21658
5.21658
5.21658
5.21658
5.21658
5.21658
5.21658
5.21658
5.21658
5.21658
5.21658
5.21658
5.21658
5.21658
5.21658
5.21658
5.21658
5.21658
5.21658
5.21658
5.21658
5.21658
5.21658
5.21658
5.21658
5.21658
5.21658
5.21658
5.21658
5.21658
5.21658
5.21658
5.21658
5.21658
5.21658
5.21658
5.21658
5.21658
5.21658
5.21658
5.21658
5.21658
5.21658
5.21658
5.21658
5.21658
5.21658
5.21658
5.21658
5.21658
5.21658
5.21658
5.21658
5.21658
5.21658
5.21658
5.21658
5.21658
5.21658
5.21658
5.21658
5.21658
5.21658
5.21658
5.21658
5.21658
5.21658
5.21658
5.21658
5.21658
5.21658
5.21658
5.21658
5.21658
5.21658
5.21658
5.21658
5.21658
5.21658
5.21658
5.21658
5.21658
5.21658
5.21658
5.21658
5.21658
5.21658
5.21658
5.21658
5.21658
5.21658
5.21658
5.21658
5.21658
5.21658
5.21658
5.21658
5.03053
5.21658
5.21658
5.21658
5.21658
5.21658
5.21658
5.21658
5.21658
5.21658
5.21658
5.21658
5.21658
5.21658
5.21658
5.21658
5.21658
5.21658
5.21658
5.21658
5.21658
5.21658
5.21658
5.21658
5.21658
5.21658
5.21658
5.21658
5.21658
5.21658
5.21658
5.21658
5.21658
5.21658
5.21658
5.21658
5.21658
5.21658
5.21658
5.21658
5.21658
5.21658
5.21658
5.21658
5.21658
5.21658
5.19627
5.19627
5.19627
5.19627
5.19627
5.19627
5.19627
5.19627
5.13235
5.07259
5.07259
5.07259
5.07259
5.07259
5.07259
5.07259
5.07259
5.07259
5.07259
5.07259
5.07259
5.07259
5.07259
5.07259
5.07259
5.07259
5.07259
5.07259
5.07259
5.07259
5.07259
5.07259
5.07259
5.07259
5.07259
5.07259
5.07259
5.07259
5.07259
5.07259
5.07259
5.07259
5.07259
5.07259
5.07259
5.07259
5.07259
5.07259
5.07259
5.07259
5.07259
5.07259
5.07259
5.07259
5.07259
5.07259
5.07259
5.07259
5.07259
5.07259
5.07259
5.07259
5.07259
5.07259
5.07259
5.07259
4.89797
4.92926
5.07259
5.07259
5.07259
5.07259
5.07259
5.07259
5.07259
5.07259
5.07259
5.07259
5.07259
5.07259
4.96145
4.96145
4.96145
4.86588
4.96145
4.96145
4.96145
4.96145
4.96145
4.96145
4.96145
4.96145
4.96145
4.96145
4.96145
4.96145
4.96145
4.96145
4.96145
4.96145
4.96145
4.96145
4.96145
4.96145
4.96145
4.96145
4.96145
4.96145
4.96145
4.96145
4.96145
4.96145
4.96145
4.96145
4.96145
4.96145
4.96145
4.96145
4.96145
4.96145
4.96145
4.96145
4.96145
4.96145
4.96145
4.96145
4.96145
4.96145
4.96145
4.96145
4.96145
4.96145
4.96145
4.96145
4.96145
4.96145
4.96145
4.96145
4.96145
4.96145
4.96145
4.96145
4.96145
4.96145
4.96145
4.96145
4.96145
4.96145
4.96145
4.96145
4.96145
4.96145
4.96145
4.96145
4.96145
4.96145
4.96145
4.96145
4.96145
4.96145
4.96145
4.96145
4.96145
4.96145
4.96145
4.96145
4.96145
4.96145
4.96145
4.96145
4.96145
4.96145
4.90104
4.90104
4.90104
4.90104
4.90104
4.90104
4.7727
4.7727
4.7727
4.7727
4.7727
4.7727
4.7727
4.7727
4.7727
4.7727
4.7727
4.7727
4.7727
4.7727
4.73129
4.7727
4.7727
4.7727
4.7727
4.7727
4.7727
4.7727
4.7727
4.7727
4.7727
4.7727
4.7727
4.7727
4.7727
4.7727
4.7727
4.7727
4.7727
4.7727
4.7727
4.7727
4.7727
4.7727
4.7727
4.7727
4.7727
4.7727
4.7727
4.7727
4.7727
4.7727
4.7727
4.7727
4.7727
4.7727
4.7727
4.7727
4.7727
4.7727
4.7727
4.7727
4.7727
4.7727
4.7727
4.7727
4.7727
4.7727
4.7727
4.7727
4.7727
4.7727
4.7727
4.7727
4.73223
4.73223
4.73223
4.73223
4.73223
4.73223
4.73223
4.73223
4.73223
4.73223
4.73223
4.73223
4.73223
4.73223
4.73223
4.73223
4.73223
4.73223
4.73223
4.73223
4.73223
4.73223
4.73223
4.73223
4.73223
4.73223
4.73223
4.73223
4.73223
4.73223
4.73223
4.73223
4.73223
4.73223
4.73223
4.73223
4.73223
4.73223
4.73223
4.73223
4.73223
4.73223
4.73223
4.73223
4.73223
4.73223
4.73223
4.73223
4.73223
4.73223
4.73223
4.73223
4.73223
4.73223
4.73223
4.73223
4.73223
4.73223
4.73223
4.73223
4.73223
4.73223
4.73223
4.73223
4.73223
4.73223
4.73223
4.73223
4.73223
4.73223
4.73223
4.73223
4.73223
4.73223
4.73223
4.73223
4.73223
4.73223
4.73223
4.73223
4.73223
4.73223
4.73223
4.73223
4.73223
4.73223
4.73223
4.73223
4.73223
4.73223
4.73223
4.73223
4.73223
4.73223
4.73223
4.73223
4.73223
4.73223
4.73223
4.73223
4.73223
4.73223
4.73223
4.73223
4.73223
4.73223
4.73223
4.73223
4.73223
4.73223
4.73223
4.73223
4.73223
4.73223
4.73223
4.73223
4.73223
4.73223
4.73223
4.73223
4.73223
4.73223
4.73223
4.73223
4.73223
4.73223
4.73223
4.73223
4.73223
4.73223
4.73223
4.73223
4.73223
4.73223
4.73223
4.73223
4.73223
4.73223
4.73223
4.73223
4.73223
4.73223
4.73223
4.73223
4.73223
4.73223
4.73223
4.73223
4.73223
4.73223
4.73223
4.73223
4.73223
4.73223
4.73223
4.73223
4.73223
4.73223
4.73223
4.73223
4.73223
4.73223
4.73223
4.73223
4.73223
4.73223
4.73223
4.73223
4.73223
4.73223
4.73223
4.73223
4.73223
4.73223
4.73223
4.73223
4.73223
4.73223
4.73223
4.73223
4.73223
4.73223
4.73223
4.73223
4.73223
4.73223
4.73223
4.73223
4.73223
4.73223
4.73223
4.73223
4.73223
4.73223
4.73223
4.73223
4.73223
4.73223
4.73223
4.73223
4.73223
4.73223
4.73223
4.73223
4.73223
4.73223
4.73223
4.73223
4.73223
4.73223
4.73223
4.73223
4.73223
4.73223
4.73223
4.73223
4.73223
4.73223
4.73223
4.73223
4.73223
4.73223
4.73223
4.73223
4.73223
4.73223
4.73223
4.73223
4.73223
4.73223
4.73223
4.73223
4.73223
4.73223
4.73223
4.73223
4.73223
4.73223
4.73223
4.73223
4.73223
4.73223
4.73223
4.73223
4.73223
4.73223
4.73223
4.73223
4.73223
4.73223
4.73223
4.73223
4.73223
4.73223
4.73223
4.73223
4.73223
4.73223
4.73223
4.73223
4.73223
4.73223
4.73223
4.73223
4.73223
4.73223
4.73223
4.73223
4.73223
4.73223
4.73223
4.73223
4.73223
4.73223
4.73223
4.73223
4.73223
4.73223
4.73223
4.73223
4.73223
4.73223
4.73223
4.73223
4.73223
4.73223
4.73223
4.73223
4.73223
4.73223
4.73223
4.73223
4.73223
4.73223
4.73223
4.73223
4.73223
4.73223
4.73223
4.73223
4.73223
4.73223
4.73223
4.73223
4.73223
4.73223
4.73223
4.73223
4.73223
4.73223
4.73223
4.73223
4.73223
4.73223
4.73223
4.73223
4.73223
4.73223
4.73223
4.73223
4.73223
4.73223
4.73223
4.73223
4.73223
4.73223
4.73223
4.73223
4.73223
4.73223
4.73223
4.73223
4.73223
4.73223
4.73223
4.73223
4.73223
4.73223
4.73223
4.73223
4.73223
4.73223
4.73223
4.73223
4.73223
4.73223
4.73223
4.73223
4.73223
4.73223
4.73223
4.73223
4.73223
4.73223
4.73223
4.73223
4.73223
4.73223
4.73223
4.73223
4.73223
4.73223
4.73223
4.73223
4.73223
4.73223
4.73223
4.73223
4.73223
4.73223
4.73223
4.73223
4.73223
4.73223
4.73223
4.73223
4.73223
4.73223
4.73223
4.73223
4.73223
4.73223
4.73223
4.73223
4.73223
4.73223
4.73223
4.73223
4.73223
4.73223
4.73223
4.73223
4.73223
4.73223
4.73223
4.73223
4.73223
4.73223
4.73223
4.73223
4.73223
4.73223
4.73223
4.73223
4.73223
4.73223
4.73223
4.73223
4.73223
4.73223
4.73223
4.73223
4.73223
4.73223
4.73223
4.73223
4.73223
4.73223
4.73223
4.73223
4.73223
4.73223
4.73223
4.73223
4.73223
4.73223
4.73223
4.73223
4.73223
4.73223
4.73223
4.73223
4.73223
4.73223
4.73223
4.73223
4.73223
4.73223
4.73223
4.73223
4.73223
4.73223
4.73223
4.73223
4.73223
4.73223
4.73223
4.73223
4.73223
4.73223
4.73223
4.73223
4.73223
4.73223
4.73223
4.73223
4.73223
4.73223
4.73223
4.73223
4.73223
4.73223
4.73223
4.73223
4.73223
4.73223
4.73223
4.73223
4.73223
4.73223
4.73223
4.73223
4.73223
4.73223
4.73223
4.73223
4.73223
4.73223
4.73223
4.73223
4.73223
4.73223
4.73223
4.73223
4.73223
4.73223
4.73223
4.73223
4.73223
4.73223
4.73223
4.73223
4.73223
4.73223
4.73223
4.73223
4.73223
4.73223
4.73223
4.73223
4.73223
4.73223
4.73223
4.73223
4.73223
4.73223
4.73223
4.73223
4.73223
4.73223
4.73223
4.73223
4.73223
4.73223
4.73223
4.73223
4.73223
4.73223
4.73223
4.73223
4.73223
4.73223
4.73223
4.73223
4.73223
4.73223
4.73223
4.73223
4.73223
4.73223
4.73223
4.73223
4.73223
4.73223
4.73223
4.73223
4.73223
4.73223
4.73223
4.73223
4.73223
4.73223
4.73223
4.73223
4.73223
4.73223
4.73223
4.73223
4.73223
4.73223
4.73223
4.73223
4.73223
4.73223
4.73223
4.73223
4.73223
4.73223
4.73223
4.73223
4.73223
4.73223
4.73223
4.73223
4.73223
4.73223
4.73223
4.73223
4.73223
4.73223
4.73223
4.73223
4.73223
4.73223
4.73223
4.73223
4.73223
4.73223
4.73223
4.73223
4.73223
4.73223
4.73223
4.73223
4.73223
4.73223
4.73223
4.73223
4.73223
4.73223
4.73223
4.73223
4.73223
4.73223
4.73223
4.73223
4.73223
4.73223
4.73223
4.73223
4.73223
4.73223
4.73223
4.73223
4.73223
4.73223
4.73223
4.73223
4.73223
4.73223
4.73223
4.73223
4.73223
4.73223
4.73223
4.73223
4.73223
4.73223
4.73223
4.73223
4.73223
4.73223
4.73223
4.73223
4.73223
4.73223
4.73223
4.73223
4.73223
4.73223
4.73223
4.73223
4.73223
4.73223
4.73223
4.73223
4.73223
4.73223
4.73223
4.73223
4.73223
4.73223
4.73223
4.73223
4.73223
4.73223
4.73223
4.73223
4.73223
4.73223
4.73223
4.73223
4.73223
4.73223
4.73223
4.73223
4.73223
4.73223
4.73223
4.73223
4.73223
4.73223
4.73223
4.73223
4.73223
4.73223
4.73223
4.73223
4.73223
4.73223
4.73223
4.73223
4.73223
4.73223
4.73223
4.73223
4.73223
4.73223
4.73223
4.73223
4.73223
4.73223
4.73223
4.73223
4.73223
4.73223
4.73223
4.73223
4.73223
4.73223
4.73223
4.73223
4.73223
4.73223
4.73223
4.73223
4.73223
4.73223
4.73223
4.73223
4.73223
4.73223
4.73223
4.73223
4.73223
4.73223
4.73223
4.73223
4.73223
4.73223
4.73223
4.73223
4.73223
4.73223
4.73223
4.73223
4.73223
4.73223
4.73223
4.73223
4.73223
4.73223
4.73223
4.73223
4.73223
4.73223
4.73223
4.73223
4.73223
4.73223
4.73223
4.73223
4.73223
4.73223
4.73223
4.73223
4.73223
4.73223
4.73223
4.73223
4.73223
4.73223
4.73223
4.73223
4.73223
4.73223
4.73223
4.73223
4.73223
4.73223
4.73223
4.73223
4.73223
4.73223
4.73223
4.73223
4.73223
4.73223
4.73223
4.73223
4.73223
4.73223
4.73223
4.73223
4.73223
4.73223
4.73223
4.73223
4.73223
4.73223
4.73223
4.73223
4.73223
4.73223
4.73223
4.73223
4.73223
4.73223
4.73223
4.73223
4.73223
4.73223
4.73223
4.73223
4.73223
4.73223
4.73223
4.73223
4.73223
4.73223
4.73223
4.73223
4.73223
4.73223
4.73223
4.73223
4.73223
4.73223
4.73223
4.73223
4.73223
4.73223
4.73223
4.73223
4.73223
4.73223
4.73223
4.73223
4.73223
4.73223
4.73223
4.73223
4.73223
4.73223
4.73223
4.73223
4.73223
4.73223
4.73223
4.73223
4.73223
4.73223
4.73223
4.73223
4.73223
4.73223
4.73223
4.73223
4.73223
4.73223
4.73223
4.73223
4.73223
4.73223
4.73223
4.73223
4.73223
4.73223
4.73223
4.73223
4.73223
4.73223
4.73223
4.73223
4.73223
4.73223
4.73223
4.73223
4.73223
4.73223
4.73223
4.73223
4.73223
4.73223
4.73223
4.73223
4.73223
4.73223
4.73223
4.73223
4.73223
4.73223
4.73223
4.73223
4.73223
4.73223
4.73223
4.73223
4.73223
4.73223
4.73223
4.73223
4.73223
4.73223
4.73223
4.73223
4.73223
4.73223
4.73223
4.73223
4.73223
4.73223
4.73223
4.73223
4.73223
4.73223
4.73223
4.73223
4.73223
4.73223
4.73223
4.73223
4.73223
4.73223
4.73223
4.73223
4.73223
4.73223
4.73223
4.73223
4.73223
4.73223
4.73223
4.73223
4.73223
4.73223
4.73223
4.73223
4.73223
4.73223
4.73223
4.73223
4.73223
4.73223
4.73223
4.73223
4.73223
4.73223
4.73223
4.73223
4.73223
4.73223
4.73223
4.73223
4.73223
4.73223
4.73223
4.73223
4.73223
4.73223
4.73223
4.73223
4.73223
4.73223
4.73223
4.73223
4.73223
4.73223
4.73223
4.73223
4.73223
4.73223
4.73223
4.73223
4.73223
4.73223
4.73223
4.73223
4.73223
4.73223
4.73223
4.73223
4.73223
4.73223
4.73223
4.73223
4.73223
4.73223
4.73223
4.73223
4.73223
4.73223
4.73223
4.73223
4.73223
4.73223
4.73223
4.73223
4.73223
4.73223
4.73223
4.73223
4.73223
4.73223
4.73223
4.73223
4.73223
4.73223
4.73223
4.73223
4.73223
4.73223
4.73223
4.73223
4.73223
4.73223
4.73223
4.73223
4.73223
4.73223
4.73223
4.73223
4.73223
4.73223
4.73223
4.73223
4.73223
4.73223
4.73223
4.73223
4.73223
4.73223
4.73223
4.73223
4.73223
4.73223
4.73223
4.73223
4.73223
4.73223
4.73223
4.73223
4.73223
4.73223
4.73223
4.73223
4.73223
4.73223
4.73223
4.73223
4.73223
4.73223
4.73223
4.73223
4.73223
4.73223
4.73223
4.73223
4.73223
4.73223
4.73223
4.73223
4.73223
4.73223
4.73223
4.73223
4.73223
4.73223
4.73223
4.73223
4.73223
4.73223
4.73223
4.73223
4.73223
4.73223
4.73223
4.73223
4.73223
4.73223
4.73223
4.73223
4.73223
4.73223
4.73223
4.73223
4.73223
4.73223
4.73223
4.73223
4.73223
4.73223
4.73223
4.73223
4.73223
4.73223
4.73223
4.73223
4.73223
4.73223
4.73223
4.73223
4.73223
4.73223
4.73223
4.73223
4.73223
4.73223
4.73223
4.73223
4.73223
4.73223
4.73223
4.73223
4.73223
4.73223
4.73223
4.73223
4.73223
4.73223
4.73223
4.73223
4.73223
4.73223
4.73223
4.73223
4.73223
4.73223
4.73223
4.73223
4.73223
4.73223
4.73223
4.73223
4.73223
4.73223
4.73223
4.73223
4.73223
4.73223
4.73223
4.73223
4.73223
4.73223
4.73223
4.73223
4.73223
4.73223
4.73223
4.73223
4.73223
4.73223
4.73223
4.73223
4.73223
4.73223
4.73223
4.73223
4.73223
4.73223
4.73223
4.73223
4.73223
4.73223
4.73223
4.73223
4.73223
4.73223
4.73223
4.73223
4.73223
4.73223
4.73223
4.73223
4.73223
4.73223
4.73223
4.73223
4.73223
4.73223
4.73223
4.73223
4.73223
4.73223
4.73223
4.73223
4.73223
4.73223
4.73223
4.73223
4.73223
4.73223
4.73223
4.73223
4.73223
4.73223
4.73223
4.73223
4.73223
4.73223
4.73223
4.73223
4.73223
4.73223
4.73223
4.73223
4.73223
4.73223
4.73223
4.63666
4.73223
4.73223
4.73223
4.73223
4.73223
4.73223
4.73223
4.73223
4.73223
4.73223
4.73223
4.73223
4.73223
4.73223
4.73223
4.73223
4.73223
4.73223
4.73223
4.73223
4.73223
4.73223
4.73223
4.73223
4.73223
4.73223
4.73223
4.73223
4.73223
4.73223
4.73223
4.73223
4.73223
4.73223
4.73223
4.73223
4.73223
4.73223
4.73223
4.73223
4.73223
4.73223
4.73223
4.73223
4.73223
4.73223
4.73223
4.73223
4.73223
4.73223
4.73223
4.73223
4.73223
4.73223
4.73223
4.73223
4.73223
4.73223
4.73223
4.73223
4.73223
4.73223
4.73223
4.73223
4.73223
4.73223
4.73223
4.73223
4.73223
4.73223
4.73223
4.73223
4.73223
4.73223
4.73223
4.73223
4.73223
4.73223
4.73223
4.73223
4.73223
4.73223
4.73223
4.73223
4.73223
4.73223
4.73223
4.73223
4.73223
4.73223
4.73223
4.73223
4.73223
4.73223
4.73223
4.73223
4.73223
4.73223
4.73223
4.73223
4.73223
4.73223
4.73223
4.73223
4.73223
4.73223
4.73223
4.73223
4.73223
4.73223
4.73223
4.73223
4.73223
4.73223
4.73223
4.73223
4.73223
4.73223
4.73223
4.73223
4.73223
4.73223
4.73223
4.73223
4.73223
4.73223
4.73223
4.73223
4.73223
4.73223
4.73223
4.73223
4.73223
4.73223
4.73223
4.73223
4.73223
4.73223
4.73223
4.73223
4.73223
4.73223
4.73223
4.73223
4.73223
4.73223
4.73223
4.73223
4.73223
4.73223
4.73223
4.73223
4.73223
4.73223
4.73223
4.73223
4.73223
4.73223
4.73223
4.73223
4.73223
4.73223
4.73223
4.73223
4.73223
4.73223
4.73223
4.73223
4.73223
4.73223
4.73223
4.73223
4.73223
4.73223
4.73223
4.73223
4.73223
4.73223
4.73223
4.73223
4.73223
4.73223
4.73223
4.73223
4.73223
4.73223
4.73223
4.73223
4.73223
4.73223
4.73223
4.73223
4.73223
4.73223
4.73223
4.73223
4.73223
4.73223
4.73223
4.73223
4.73223
4.73223
4.73223
4.73223
4.73223
4.73223
4.73223
4.73223
4.73223
4.73223
4.73223
4.73223
4.73223
4.73223
4.73223
4.73223
4.73223
4.73223
4.73223
4.73223
4.73223
4.73223
4.73223
4.73223
4.73223
4.73223
4.73223
4.73223
4.73223
4.73223
4.73223
4.73223
4.73223
4.73223
4.73223
4.73223
4.73223
4.73223
4.73223
4.73223
4.73223
4.73223
4.73223
4.73223
4.73223
4.73223
4.73223
4.73223
4.73223
4.73223
4.73223
4.73223
4.73223
4.73223
4.73223
4.73223
4.73223
4.73223
4.73223
4.73223
4.73223
4.73223
4.73223
4.73223
4.73223
4.73223
4.73223
4.73223
4.73223
4.73223
4.73223
4.73223
4.73223
4.73223
4.73223
4.73223
4.73223
4.73223
4.73223
4.73223
4.73223
4.73223
4.73223
4.73223
4.73223
4.73223
4.73223
4.73223
4.73223
4.73223
4.73223
4.73223
4.73223
4.73223
4.73223
4.73223
4.73223
4.73223
4.73223
4.73223
4.73223
4.73223
4.73223
4.73223
4.73223
4.73223
4.73223
4.73223
4.73223
4.73223
4.73223
4.73223
4.73223
4.73223
4.73223
4.73223
4.73223
4.73223
4.73223
4.73223
4.73223
4.73223
4.73223
4.73223
4.73223
4.73223
4.73223
4.73223
4.73223
4.73223
4.73223
4.73223
4.73223
4.73223
4.73223
4.73223
4.73223
4.73223
4.73223
4.73223
4.73223
4.73223
4.73223
4.73223
4.73223
4.73223
4.73223
4.73223
4.73223
4.73223
4.73223
4.73223
4.73223
4.73223
4.73223
4.73223
4.73223
4.73223
4.73223
4.73223
4.73223
4.73223
4.73223
4.73223
4.73223
4.73223
4.73223
4.73223
4.73223
4.73223
4.73223
4.73223
4.73223
4.73223
4.73223
4.73223
4.73223
4.73223
4.73223
4.73223
4.73223
4.73223
4.73223
4.73223
4.73223
4.73223
4.73223
4.73223
4.73223
4.73223
4.73223
4.73223
4.73223
4.73223
4.73223
4.73223
4.73223
4.73223
4.73223
4.73223
4.73223
4.73223
4.73223
4.73223
4.73223
4.73223
4.73223
4.73223
4.73223
4.73223
4.73223
4.73223
4.73223
4.73223
4.73223
4.73223
4.73223
4.73223
4.73223
4.73223
4.73223
4.73223
4.73223
4.73223
4.73223
4.73223
4.73223
4.73223
4.73223
4.73223
4.73223
4.73223
4.73223
4.73223
4.73223
4.73223
4.73223
4.73223
4.73223
4.73223
4.73223
4.73223
4.73223
4.73223
4.73223
4.73223
4.73223
4.73223
4.73223
4.73223
4.73223
4.73223
4.73223
4.73223
4.73223
4.73223
4.73223
4.73223
4.73223
4.73223
4.73223
4.73223
4.73223
4.73223
4.73223
4.73223
4.73223
4.73223
4.73223
4.73223
4.73223
4.73223
4.73223
4.73223
4.73223
4.73223
4.73223
4.73223
4.73223
4.73223
4.73223
4.73223
4.73223
4.73223
4.73223
4.73223
4.73223
4.73223
4.73223
4.73223
4.73223
4.73223
4.73223
4.73223
4.73223
4.73223
4.73223
4.73223
4.73223
4.73223
4.73223
4.73223
4.73223
4.73223
4.73223
4.73223
4.73223
4.73223
4.73223
4.73223
4.73223
4.73223
4.73223
4.73223
4.73223
4.73223
4.73223
4.73223
4.73223
4.73223
4.73223
4.73223
4.73223
4.73223
4.73223
4.73223
4.73223
4.73223
4.73223
4.73223
4.73223
4.73223
4.73223
4.73223
4.73223
4.73223
4.73223
4.73223
4.73223
4.73223
4.73223
4.73223
4.73223
4.73223
4.73223
4.73223
4.73223
4.73223
4.73223
4.73223
4.73223
4.73223
4.73223
4.73223
4.73223
4.73223
4.73223
4.73223
4.73223
4.73223
4.73223
4.73223
4.73223
4.73223
4.73223
4.73223
4.73223
4.73223
4.73223
4.73223
4.73223
4.73223
4.73223
4.73223
4.73223
4.73223
4.73223
4.73223
4.73223
4.73223
4.73223
4.73223
4.73223
4.73223
4.73223
4.73223
4.73223
4.73223
4.73223
4.73223
4.73223
4.73223
4.73223
4.73223
4.73223
4.73223
4.73223
4.73223
4.73223
4.73223
4.73223
4.73223
4.73223
4.73223
4.73223
4.73223
4.73223
4.73223
4.73223
4.73223
4.73223
4.73223
4.73223
4.73223
4.73223
4.73223
4.73223
4.73223
4.73223
4.73223
4.73223
4.73223
4.73223
4.73223
4.73223
4.73223
4.73223
4.73223
4.73223
4.73223
4.73223
4.73223
4.73223
4.73223
4.73223
4.73223
4.73223
4.73223
4.73223
4.73223
4.73223
4.73223
4.73223
4.73223
4.73223
4.73223
4.73223
4.73223
4.73223
4.73223
4.73223
4.73223
4.73223
4.73223
4.73223
4.73223
4.73223
4.73223
4.73223
4.73223
4.73223
4.73223
4.73223
4.73223
4.73223
4.73223
4.73223
4.73223
4.73223
4.73223
4.73223
4.73223
4.73223
4.73223
4.73223
4.73223
4.73223
4.73223
4.73223
4.73223
4.73223
4.73223
4.73223
4.73223
4.73223
4.73223
4.73223
4.73223
4.73223
4.73223
4.73223
4.73223
4.73223
4.73223
4.73223
4.73223
4.73223
4.73223
4.73223
4.73223
4.73223
4.73223
4.73223
4.73223
4.73223
4.73223
4.73223
4.73223
4.73223
4.73223
4.73223
4.73223
4.73223
4.73223
4.73223
4.73223
4.73223
4.73223
4.73223
4.73223
4.73223
4.73223
4.73223
4.73223
4.73223
4.73223
4.73223
4.73223
4.73223
4.73223
4.73223
4.73223
4.73223
4.73223
4.73223
4.73223
4.73223
4.73223
4.73223
4.73223
4.73223
4.73223
4.73223
4.73223
4.73223
4.73223
4.73223
4.73223
4.73223
4.73223
4.73223
4.73223
4.73223
4.73223
4.73223
4.73223
4.73223
4.73223
4.73223
4.73223
4.73223
4.73223
4.73223
4.73223
4.73223
4.73223
4.73223
4.73223
4.73223
4.73223
4.73223
4.73223
4.73223
4.73223
4.73223
4.73223
4.73223
4.73223
4.73223
4.73223
4.73223
4.73223
4.73223
4.73223
4.73223
4.73223
4.73223
4.73223
4.73223
4.73223
4.73223
4.73223
4.73223
4.73223
4.73223
4.73223
4.73223
4.73223
4.73223
4.73223
4.73223
4.73223
4.73223
4.73223
4.73223
4.73223
4.73223
4.73223
4.73223
4.73223
4.73223
4.73223
4.73223
4.73223
4.73223
4.73223
4.73223
4.73223
4.73223
4.73223
4.73223
4.73223
4.73223
4.73223
4.73223
4.73223
4.73223
4.73223
4.73223
4.73223
4.73223
4.73223
4.73223
4.73223
4.73223
4.73223
4.73223
4.73223
4.73223
4.73223
4.73223
4.73223
4.63666
4.73223
4.73223
4.73223
4.73223
4.73223
4.73223
4.73223
4.73223
4.73223
4.73223
4.73223
4.73223
4.73223
4.73223
4.73223
4.73223
4.73223
4.73223
4.73223
4.73223
4.73223
4.73223
4.73223
4.73223
4.73223
4.73223
4.73223
4.73223
4.73223
4.73223
4.73223
4.73223
4.73223
4.73223
4.73223
4.73223
4.73223
4.73223
4.73223
4.73223
4.73223
4.73223
4.73223
4.73223
4.73223
4.73223
4.73223
4.73223
4.73223
4.73223
4.73223
4.73223
4.73223
4.73223
4.73223
4.73223
4.73223
4.73223
4.73223
4.73223
4.73223
4.73223
4.73223
4.73223
4.73223
4.73223
4.73223
4.73223
4.73223
4.73223
4.73223
4.73223
4.73223
4.73223
4.73223
4.73223
4.73223
4.73223
4.73223
4.73223
4.73223
4.73223
4.73223
4.73223
4.73223
4.73223
4.73223
4.73223
4.73223
4.73223
4.73223
4.73223
4.73223
4.73223
4.73223
4.73223
4.73223
4.73223
4.73223
4.73223
4.73223
4.73223
4.73223
4.73223
4.73223
4.73223
4.73223
4.73223
4.73223
4.73223
4.73223
4.73223
4.73223
4.73223
4.73223
4.73223
4.73223
4.73223
4.73223
4.73223
4.73223
4.73223
4.73223
4.73223
4.73223
4.73223
4.73223
4.73223
4.73223
4.73223
4.73223
4.73223
4.73223
4.73223
4.73223
4.73223
4.73223
4.73223
4.73223
4.73223
4.73223
4.73223
4.73223
4.73223
4.73223
4.73223
4.73223
4.73223
4.73223
4.73223
4.73223
4.73223
4.73223
4.73223
4.73223
4.73223
4.73223
4.73223
4.73223
4.73223
4.73223
4.73223
4.73223
4.73223
4.73223
4.73223
4.73223
4.73223
4.73223
4.73223
4.73223
4.73223
4.73223
4.73223
4.73223
4.73223
4.73223
4.73223
4.73223
4.73223
4.73223
4.73223
4.73223
4.73223
4.73223
4.73223
4.73223
4.73223
4.73223
4.73223
4.73223
4.73223
4.73223
4.73223
4.73223
4.73223
4.73223
4.73223
4.73223
4.73223
4.73223
4.73223
4.73223
4.73223
4.73223
4.73223
4.73223
4.73223
4.73223
4.73223
4.73223
4.73223
4.73223
4.73223
4.73223
4.73223
4.73223
4.73223
4.73223
4.73223
4.73223
4.73223
4.73223
4.73223
4.73223
4.73223
4.73223
4.73223
4.73223
4.73223
4.73223
4.73223
4.73223
4.73223
4.73223
4.73223
4.73223
4.73223
4.73223
4.73223
4.73223
4.73223
4.73223
4.73223
4.73223
4.73223
4.73223
4.73223
4.73223
4.73223
4.73223
4.73223
4.73223
4.73223
4.73223
4.73223
4.73223
4.73223
4.73223
4.73223
4.73223
4.73223
4.73223
4.73223
4.73223
4.73223
4.73223
4.73223
4.73223
4.73223
4.73223
4.73223
4.73223
4.73223
4.73223
4.73223
4.73223
4.73223
4.73223
4.73223
4.73223
4.73223
4.73223
4.73223
4.73223
4.73223
4.73223
4.73223
4.73223
4.73223
4.73223
4.73223
4.73223
4.73223
4.73223
4.73223
4.73223
4.73223
4.73223
4.73223
4.73223
4.73223
4.73223
4.73223
4.73223
4.73223
4.73223
4.73223
4.73223
4.73223
4.73223
4.73223
4.73223
4.73223
4.73223
4.73223
4.73223
4.73223
4.73223
4.73223
4.73223
4.73223
4.73223
4.73223
4.73223
4.73223
4.73223
4.73223
4.73223
4.73223
4.73223
4.73223
4.73223
4.73223
4.73223
4.73223
4.73223
4.73223
4.73223
4.73223
4.73223
4.73223
4.73223
4.73223
4.73223
4.73223
4.73223
4.73223
4.73223
4.73223
4.73223
4.73223
4.73223
4.73223
4.73223
4.73223
4.73223
4.73223
4.73223
4.73223
4.73223
4.73223
4.73223
4.73223
4.73223
4.73223
4.73223
4.73223
4.73223
4.73223
4.73223
4.73223
4.73223
4.73223
4.73223
4.73223
4.73223
4.73223
4.73223
4.73223
4.73223
4.73223
4.73223
4.73223
4.73223
4.73223
4.73223
4.73223
4.73223
4.73223
4.73223
4.73223
4.73223
4.73223
4.73223
4.73223
4.73223
4.73223
4.73223
4.73223
4.73223
4.73223
4.73223
4.73223
4.73223
4.73223
4.73223
4.73223
4.73223
4.73223
4.73223
4.73223
4.73223
4.73223
4.73223
4.73223
4.73223
4.73223
4.73223
4.73223
4.73223
4.73223
4.73223
4.73223
4.73223
4.73223
4.73223
4.73223
4.73223
4.73223
4.73223
4.73223
4.73223
4.73223
4.73223
4.73223
4.73223
4.73223
4.73223
4.73223
4.73223
4.73223
4.73223
4.73223
4.73223
4.73223
4.73223
4.73223
4.73223
4.73223
4.73223
4.73223
4.73223
4.73223
4.73223
4.73223
4.73223
4.73223
4.73223
4.73223
4.73223
4.73223
4.73223
4.73223
4.73223
4.73223
4.73223
4.73223
4.73223
4.73223
4.73223
4.73223
4.73223
4.73223
4.73223
4.73223
4.73223
4.73223
4.73223
4.73223
4.73223
4.73223
4.73223
4.73223
4.73223
4.73223
4.73223
4.73223
4.73223
4.73223
4.73223
4.73223
4.73223
4.73223
4.73223
4.73223
4.73223
4.73223
4.73223
4.73223
4.73223
4.73223
4.73223
4.73223
4.73223
4.73223
4.73223
4.73223
4.73223
4.73223
4.73223
4.73223
4.73223
4.73223
4.73223
4.73223
4.73223
4.73223
4.73223
4.73223
4.73223
4.73223
4.73223
4.73223
4.73223
4.73223
4.73223
4.73223
4.73223
4.73223
4.73223
4.73223
4.73223
4.73223
4.73223
4.73223
4.73223
4.73223
4.73223
4.73223
4.73223
4.73223
4.73223
4.73223
4.73223
4.73223
4.73223
4.73223
4.73223
4.73223
4.73223
4.73223
4.73223
4.73223
4.73223
4.73223
4.73223
4.73223
4.73223
4.73223
4.73223
4.73223
4.73223
4.73223
4.73223
4.73223
4.73223
4.73223
4.73223
4.73223
4.73223
4.73223
4.73223
4.73223
4.73223
4.73223
4.73223
4.73223
4.73223
4.73223
4.73223
4.73223
4.73223
4.73223
4.73223
4.73223
4.73223
4.73223
4.73223
4.73223
4.73223
4.73223
4.73223
4.73223
4.73223
4.73223
4.63666
4.63666
4.63666
4.63666
4.63666
4.63666
4.73223
4.73223
4.73223
5.04228
5.27581
5.27581
5.27581
5.27581
5.2738
5.27848
4.73223
4.73223
4.73223
4.73223
4.73223
4.73223
4.73223
4.73223
4.73223
4.73223
4.73223
4.73223
4.73223
4.73223
4.73223
4.73223
4.73223
4.73223
4.73223
4.73223
4.73223
4.73223
4.73223
4.73223
4.73223
4.73223
4.73223
4.73223
4.73223
4.73223
4.73223
4.73223
4.73223
4.73223
4.73223
4.73223
4.73223
4.73223
4.73223
4.73223
4.73223
4.73223
4.73223
4.73223
4.73223
4.73223
4.73223
4.73223
4.73223
4.73223
4.73223
4.73223
4.73223
4.73223
4.73223
4.73223
4.73223
4.73223
4.73223
4.73223
4.73223
4.73223
4.73223
4.73223
4.73223
4.73223
4.73223
4.73223
4.73223
4.73223
4.73223
4.73223
4.73223
4.73223
4.73223
4.73223
4.73223
4.73223
4.73223
4.73223
4.73223
4.73223
4.73223
4.73223
4.73223
4.73223
4.73223
4.73223
4.73223
4.73223
4.73223
4.73223
4.73223
4.73223
4.73223
4.73223
4.73223
4.73223
4.73223
4.73223
4.73223
4.73223
4.73223
4.73223
4.73223
4.73223
4.73223
4.73223
4.73223
4.73223
4.73223
4.73223
4.73223
4.73223
4.73223
4.73223
4.73223
4.73223
4.73223
4.73223
4.73223
4.73223
4.73223
4.73223
4.73223
4.73223
4.73223
4.73223
4.73223
4.73223
4.73223
4.73223
4.73223
4.73223
4.73223
4.73223
4.73223
4.73223
4.73223
4.73223
4.73223
4.73223
4.73223
4.73223
4.73223
4.73223
4.73223
4.73223
4.73223
4.73223
4.73223
4.73223
4.73223
4.73223
4.73223
4.73223
4.73223
4.73223
4.73223
4.73223
4.73223
4.73223
4.73223
4.73223
4.73223
4.73223
4.73223
4.73223
4.73223
4.73223
4.73223
4.73223
4.73223
4.73223
4.73223
4.73223
4.73223
4.73223
4.73223
4.73223
4.73223
4.73223
4.73223
4.73223
4.73223
4.73223
4.73223
4.73223
4.73223
4.73223
4.73223
4.73223
4.73223
4.73223
4.73223
4.73223
4.73223
4.73223
4.73223
4.73223
4.73223
4.73223
4.73223
4.73223
4.73223
4.73223
4.73223
4.73223
4.73223
4.73223
4.73223
4.73223
4.73223
4.73223
4.73223
4.73223
4.73223
4.73223
4.73223
4.73223
4.73223
4.73223
4.73223
4.73223
4.73223
4.73223
4.73223
4.73223
4.73223
4.73223
4.73223
4.73223
4.73223
4.73223
4.73223
4.73223
4.73223
4.73223
4.73223
4.73223
4.73223
4.73223
4.73223
4.73223
4.73223
4.73223
4.73223
4.73223
4.73223
4.73223
4.73223
4.73223
4.73223
4.73223
4.73223
4.73223
4.73223
4.73223
4.73223
4.73223
4.73223
4.73223
4.73223
4.73223
4.73223
4.73223
4.73223
4.73223
4.73223
4.73223
4.73223
4.73223
4.73223
4.73223
4.73223
4.73223
4.73223
4.73223
4.73223
4.73223
4.73223
4.73223
4.73223
4.73223
4.73223
4.73223
4.73223
4.73223
4.73223
4.73223
4.73223
4.73223
4.73223
4.73223
4.73223
4.73223
4.73223
4.73223
4.73223
4.73223
4.73223
4.73223
4.73223
4.73223
4.73223
4.73223
4.73223
4.73223
4.73223
4.73223
4.73223
4.73223
4.73223
4.73223
4.73223
4.73223
4.73223
4.73223
4.73223
4.73223
4.73223
4.73223
4.73223
4.73223
4.73223
4.73223
4.73223
4.73223
4.73223
4.73223
4.73223
4.73223
4.73223
4.73223
4.73223
4.73223
4.73223
4.73223
4.73223
4.73223
4.73223
4.73223
4.73223
4.73223
4.73223
4.73223
4.73223
4.73223
4.73223
4.73223
4.73223
4.73223
4.73223
4.73223
4.73223
4.73223
4.73223
4.73223
4.73223
4.73223
4.73223
4.73223
4.73223
4.73223
4.73223
4.73223
4.73223
4.73223
4.73223
4.73223
4.73223
4.73223
4.73223
4.73223
4.73223
4.73223
4.73223
4.73223
4.73223
4.73223
4.73223
4.73223
4.73223
4.73223
4.73223
4.73223
4.73223
4.73223
4.73223
4.73223
4.73223
4.73223
4.73223
4.73223
4.73223
4.73223
4.73223
4.73223
4.73223
4.73223
4.73223
4.73223
4.73223
4.73223
4.73223
4.73223
4.73223
4.73223
4.73223
4.73223
4.73223
4.73223
4.73223
4.73223
4.73223
4.73223
4.73223
4.73223
4.73223
4.73223
4.73223
4.73223
4.73223
4.73223
4.73223
4.73223
4.73223
4.73223
4.73223
4.73223
4.73223
4.73223
4.73223
4.73223
4.73223
4.73223
4.73223
4.73223
4.73223
4.73223
4.73223
4.73223
4.73223
4.73223
4.73223
4.73223
4.73223
4.73223
4.73223
4.73223
4.73223
4.73223
4.73223
4.73223
4.73223
4.73223
4.73223
4.73223
4.73223
4.73223
4.73223
4.73223
4.73223
4.73223
4.73223
4.73223
4.73223
4.73223
4.73223
4.73223
4.73223
4.73223
4.73223
4.73223
4.73223
4.73223
4.63666
4.73223
4.73223
4.73223
4.73223
4.73223
4.73223
4.73223
4.73223
4.73223
4.73223
4.73223
4.73223
4.73223
4.73223
4.73223
4.73223
4.73223
4.73223
4.73223
4.73223
4.73223
4.73223
4.73223
4.73223
4.73223
4.73223
4.73223
4.73223
4.73223
4.73223
4.73223
4.73223
4.73223
4.73223
4.73223
4.73223
4.73223
4.73223
4.73223
4.73223
4.73223
4.73223
4.73223
4.73223
4.73223
4.73223
4.73223
4.73223
4.73223
4.73223
4.73223
4.73223
4.73223
4.73223
4.73223
4.73223
4.73223
4.73223
4.73223
4.73223
4.73223
4.73223
4.73223
4.73223
4.73223
4.73223
4.73223
4.73223
4.73223
4.73223
4.73223
4.73223
4.73223
4.73223
4.73223
4.73223
4.73223
4.73223
4.73223
4.73223
4.73223
4.73223
4.73223
4.73223
4.73223
4.73223
4.73223
4.73223
4.73223
4.73223
4.73223
4.73223
4.73223
4.73223
4.73223
4.73223
4.73223
4.73223
4.73223
4.73223
4.73223
4.73223
4.73223
4.73223
4.73223
4.73223
4.73223
4.73223
4.73223
4.73223
4.73223
4.73223
4.73223
4.73223
4.73223
4.73223
4.73223
4.73223
4.73223
4.73223
4.73223
4.73223
4.73223
4.73223
4.73223
4.73223
4.73223
4.73223
4.73223
4.73223
4.73223
4.73223
4.73223
4.73223
4.73223
4.73223
4.73223
4.73223
4.73223
4.73223
4.73223
4.73223
4.73223
4.73223
4.73223
4.73223
4.73223
4.73223
4.73223
4.73223
4.73223
4.73223
4.73223
4.73223
4.73223
4.73223
4.73223
4.73223
4.73223
4.73223
4.73223
4.73223
4.73223
4.73223
4.73223
4.73223
4.73223
4.73223
4.73223
4.73223
4.73223
4.73223
4.73223
4.73223
4.73223
4.73223
4.73223
4.73223
4.73223
4.73223
4.73223
4.73223
4.73223
4.73223
4.73223
4.73223
4.73223
4.73223
4.73223
4.73223
4.73223
4.73223
4.73223
4.73223
4.73223
4.73223
4.73223
4.73223
4.73223
4.73223
4.73223
4.73223
4.73223
4.73223
4.73223
4.73223
4.73223
4.73223
4.73223
4.73223
4.73223
4.73223
4.73223
4.73223
4.73223
4.73223
4.73223
4.73223
4.73223
4.73223
4.73223
4.73223
4.73223
4.73223
4.73223
4.73223
4.73223
4.73223
4.73223
4.73223
4.73223
4.73223
4.73223
4.73223
4.73223
4.73223
4.73223
4.73223
4.73223
4.73223
4.73223
4.73223
4.73223
4.73223
4.73223
4.73223
4.73223
4.73223
4.73223
4.73223
4.73223
4.73223
4.73223
4.73223
4.73223
4.73223
4.73223
4.73223
4.73223
4.73223
4.73223
4.73223
4.73223
4.73223
4.73223
4.73223
4.73223
4.73223
4.73223
4.73223
4.73223
4.73223
4.73223
4.73223
4.73223
4.73223
4.73223
4.73223
4.73223
4.73223
4.73223
4.73223
4.73223
4.73223
4.73223
4.73223
4.73223
4.73223
4.73223
4.73223
4.73223
4.73223
4.73223
4.73223
4.73223
4.73223
4.73223
4.73223
4.73223
4.73223
4.73223
4.73223
4.73223
4.73223
4.73223
4.73223
4.73223
4.73223
4.73223
4.73223
4.73223
4.73223
4.73223
4.73223
4.73223
4.73223
4.73223
4.73223
4.73223
4.73223
4.73223
4.73223
4.73223
4.73223
4.73223
4.73223
4.73223
4.73223
4.73223
4.73223
4.73223
4.73223
4.73223
4.73223
4.73223
4.73223
4.73223
4.73223
4.73223
4.73223
4.73223
4.73223
4.73223
4.73223
4.73223
4.73223
4.73223
4.73223
4.73223
4.73223
4.73223
4.73223
4.73223
4.73223
4.73223
4.73223
4.73223
4.73223
4.73223
4.73223
4.73223
4.73223
4.73223
4.73223
4.73223
4.73223
4.73223
4.73223
4.73223
4.73223
4.73223
4.73223
4.73223
4.73223
4.73223
4.73223
4.73223
4.73223
4.73223
4.73223
4.73223
4.73223
4.73223
4.73223
4.73223
4.73223
4.73223
4.73223
4.73223
4.73223
4.73223
4.73223
4.73223
4.73223
4.73223
4.73223
4.73223
4.73223
4.73223
4.73223
4.73223
4.73223
4.73223
4.73223
4.73223
4.73223
4.73223
4.73223
4.73223
4.73223
4.73223
4.73223
4.73223
4.73223
4.73223
4.73223
4.73223
4.73223
4.73223
4.73223
4.73223
4.73223
4.73223
4.73223
4.73223
4.73223
4.73223
4.73223
4.73223
4.73223
4.73223
4.73223
4.73223
4.73223
4.73223
4.73223
4.73223
4.73223
4.73223
4.73223
4.73223
4.73223
4.73223
4.73223
4.73223
4.73223
4.73223
4.73223
4.73223
4.73223
4.73223
4.73223
4.73223
4.73223
4.73223
4.73223
4.73223
4.73223
4.73223
4.73223
4.73223
4.73223
4.73223
4.73223
4.73223
4.73223
4.73223
4.73223
4.73223
4.73223
4.73223
4.73223
4.73223
4.73223
4.73223
4.73223
4.73223
4.73223
4.73223
4.73223
4.73223
4.73223
4.73223
4.73223
4.73223
4.73223
4.73223
4.73223
4.73223
4.73223
4.73223
4.73223
4.73223
4.73223
4.73223
4.73223
4.73223
4.73223
4.73223
4.73223
4.73223
4.73223
4.73223
4.73223
4.73223
4.73223
4.73223
4.73223
4.73223
4.73223
4.73223
4.73223
4.73223
4.73223
4.73223
4.63666
4.73223
4.73223
4.73223
4.73223
4.73223
4.73223
4.73223
4.73223
4.73223
4.73223
4.73223
4.73223
4.73223
4.73223
4.73223
4.73223
4.73223
4.73223
4.73223
4.73223
4.73223
4.73223
4.73223
4.73223
4.73223
4.73223
4.73223
4.73223
4.73223
4.73223
4.73223
4.73223
4.73223
4.73223
4.73223
4.73223
4.73223
4.73223
4.73223
4.73223
4.73223
4.73223
4.73223
4.73223
4.73223
4.73223
4.73223
4.73223
4.73223
4.73223
4.73223
4.73223
4.73223
4.73223
4.73223
4.73223
4.73223
4.73223
4.73223
4.73223
4.73223
4.73223
4.73223
4.73223
4.73223
4.73223
4.73223
4.73223
4.73223
4.73223
4.73223
4.73223
4.73223
4.73223
4.73223
4.73223
4.73223
4.73223
4.73223
4.73223
4.73223
4.73223
4.73223
4.73223
4.73223
4.73223
4.73223
4.73223
4.73223
4.73223
4.73223
4.73223
4.73223
4.73223
4.73223
4.73223
4.73223
4.73223
4.73223
4.73223
4.73223
4.73223
4.73223
4.73223
4.73223
4.73223
4.73223
4.73223
4.73223
4.73223
4.73223
4.73223
4.73223
4.73223
4.73223
4.73223
4.73223
4.73223
4.73223
4.73223
4.73223
4.73223
4.73223
4.73223
4.73223
4.73223
4.73223
4.73223
4.73223
4.73223
4.73223
4.73223
4.73223
4.73223
4.73223
4.73223
4.73223
4.73223
4.73223
4.73223
4.73223
4.73223
4.73223
4.73223
4.73223
4.73223
4.73223
4.73223
4.73223
4.73223
4.73223
4.73223
4.73223
4.73223
4.73223
4.73223
4.73223
4.73223
4.73223
4.73223
4.73223
4.73223
4.73223
4.73223
4.73223
4.73223
4.73223
4.73223
4.73223
4.73223
4.73223
4.73223
4.73223
4.73223
4.73223
4.73223
4.73223
4.73223
4.73223
4.73223
4.73223
4.73223
4.73223
4.73223
4.73223
4.73223
4.73223
4.73223
4.73223
4.73223
4.73223
4.73223
4.73223
4.73223
4.73223
4.73223
4.73223
4.73223
4.73223
4.73223
4.73223
4.73223
4.73223
4.73223
4.73223
4.73223
4.73223
4.73223
4.73223
4.73223
4.73223
4.73223
4.73223
4.73223
4.73223
4.73223
4.73223
4.73223
4.73223
4.73223
4.73223
4.73223
4.73223
4.73223
4.73223
4.73223
4.73223
4.73223
4.73223
4.73223
4.73223
4.73223
4.73223
4.73223
4.73223
4.73223
4.73223
4.73223
4.73223
4.73223
4.73223
4.73223
4.73223
4.73223
4.73223
4.73223
4.73223
4.73223
4.73223
4.73223
4.73223
4.73223
4.73223
4.73223
4.73223
4.73223
4.73223
4.73223
4.73223
4.73223
4.73223
4.73223
4.73223
4.73223
4.73223
4.73223
4.73223
4.73223
4.73223
4.73223
4.73223
4.73223
4.73223
4.73223
4.73223
4.73223
4.73223
4.73223
4.73223
4.73223
4.73223
4.73223
4.73223
4.73223
4.73223
4.73223
4.73223
4.73223
4.73223
4.73223
4.73223
4.73223
4.73223
4.73223
4.73223
4.73223
4.73223
4.73223
4.73223
4.73223
4.73223
4.73223
4.73223
4.73223
4.73223
4.73223
4.73223
4.73223
4.73223
4.73223
4.73223
4.73223
4.73223
4.73223
4.73223
4.73223
4.73223
4.73223
4.73223
4.73223
4.73223
4.73223
4.73223
4.73223
4.73223
4.73223
4.73223
4.73223
4.73223
4.73223
4.73223
4.73223
4.73223
4.73223
4.73223
4.73223
4.73223
4.73223
4.73223
4.73223
4.73223
4.73223
4.73223
4.73223
4.73223
4.73223
4.73223
4.73223
4.73223
4.73223
4.73223
4.73223
4.73223
4.73223
4.73223
4.73223
4.73223
4.73223
4.73223
4.73223
4.73223
4.73223
4.73223
4.73223
4.73223
4.73223
4.73223
4.73223
4.73223
4.73223
4.73223
4.73223
4.73223
4.73223
4.73223
4.73223
4.73223
4.73223
4.73223
4.73223
4.73223
4.73223
4.73223
4.73223
4.73223
4.73223
4.73223
4.73223
4.73223
4.73223
4.73223
4.73223
4.73223
4.73223
4.73223
4.73223
4.73223
4.73223
4.73223
4.73223
4.73223
4.73223
4.73223
4.73223
4.73223
4.73223
4.73223
4.73223
4.73223
4.73223
4.73223
4.73223
4.73223
4.73223
4.73223
4.73223
4.73223
4.73223
4.73223
4.73223
4.73223
4.73223
4.73223
4.73223
4.73223
4.73223
4.73223
4.73223
4.73223
4.73223
4.73223
4.73223
4.73223
4.73223
4.73223
4.73223
4.73223
4.73223
4.73223
4.73223
4.73223
4.73223
4.73223
4.73223
4.73223
4.73223
4.73223
4.73223
4.73223
4.73223
4.73223
4.73223
4.73223
4.73223
4.73223
4.73223
4.73223
4.73223
4.73223
4.73223
4.73223
4.73223
4.73223
4.73223
4.73223
4.73223
4.73223
4.73223
4.73223
4.73223
4.73223
4.73223
4.73223
4.73223
4.73223
4.73223
4.73223
4.73223
4.73223
4.73223
4.73223
4.73223
4.73223
4.73223
4.73223
4.73223
4.73223
4.73223
4.73223
4.73223
4.73223
4.73223
4.73223
4.73223
4.73223
4.73223
4.73223
4.73223
4.73223
4.73223
4.73223
4.73223
4.73223
4.73223
4.73223
4.73223
4.73223
4.73223
4.73223
4.73223
4.73223
4.73223
4.73223
4.73223
4.73223
4.73223
4.73223
4.73223
4.73223
4.73223
4.73223
4.73223
4.73223
4.73223
4.73223
4.73223
4.73223
4.73223
4.73223
4.73223
4.73223
4.73223
4.73223
4.73223
4.73223
4.73223
4.73223
4.73223
4.73223
4.73223
4.73223
4.73223
4.73223
4.73223
4.73223
4.73223
4.73223
4.73223
4.73223
4.73223
4.73223
4.73223
4.73223
4.73223
4.73223
4.73223
4.73223
4.73223
4.73223
4.73223
4.73223
4.73223
4.73223
4.73223
4.73223
4.73223
4.73223
4.73223
4.73223
4.73223
4.73223
4.73223
4.73223
4.73223
4.73223
4.73223
4.73223
4.73223
4.73223
4.73223
4.73223
4.73223
4.73223
4.73223
4.73223
4.73223
4.73223
4.73223
4.73223
4.73223
4.73223
4.73223
4.73223
4.73223
4.73223
4.73223
4.73223
4.73223
4.73223
4.73223
4.73223
4.73223
4.73223
4.73223
4.73223
4.73223
4.73223
4.73223
4.73223
4.73223
4.73223
4.73223
4.73223
4.73223
4.73223
4.73223
4.73223
4.73223
4.73223
4.73223
4.73223
4.73223
4.73223
4.73223
4.73223
4.73223
4.73223
4.73223
4.73223
4.73223
4.73223
4.73223
4.73223
4.73223
4.73223
4.73223
4.73223
4.73223
4.73223
4.73223
4.73223
4.73223
4.73223
4.73223
4.73223
4.73223
4.73223
4.73223
4.73223
4.73223
4.73223
4.73223
4.73223
4.73223
4.73223
4.73223
4.73223
4.73223
4.73223
4.73223
4.73223
4.73223
4.73223
4.73223
4.73223
4.73223
4.73223
4.73223
4.73223
4.73223
4.73223
4.73223
4.73223
4.73223
4.73223
4.73223
4.73223
4.73223
4.73223
4.73223
4.73223
4.73223
4.73223
4.73223
4.73223
4.73223
4.73223
4.73223
4.73223
4.73223
4.73223
4.73223
4.73223
4.73223
4.73223
4.73223
4.73223
4.73223
4.73223
4.73223
4.73223
4.73223
4.73223
4.73223
4.73223
4.73223
4.73223
4.73223
4.73223
4.73223
4.73223
4.73223
4.73223
4.73223
4.73223
4.73223
4.73223
4.73223
4.73223
4.73223
4.73223
4.73223
4.73223
4.73223
4.73223
4.73223
4.73223
4.73223
4.73223
4.73223
4.73223
4.73223
4.73223
4.73223
4.73223
4.73223
4.73223
4.73223
4.73223
4.73223
4.73223
4.73223
4.73223
4.73223
4.73223
4.73223
4.73223
4.73223
4.73223
4.73223
4.73223
4.73223
4.73223
4.73223
4.73223
4.73223
4.73223
4.73223
4.73223
4.73223
4.73223
4.73223
4.73223
4.73223
4.73223
4.73223
4.73223
4.73223
4.73223
4.73223
4.73223
4.73223
4.73223
4.73223
4.73223
4.73223
4.73223
4.73223
4.73223
4.73223
4.73223
4.73223
4.73223
4.73223
4.73223
4.73223
4.73223
4.73223
4.73223
4.73223
4.73223
4.73223
4.73223
4.73223
4.73223
4.73223
4.73223
4.73223
4.73223
4.73223
4.73223
4.73223
4.73223
4.73223
4.73223
4.73223
4.73223
4.73223
4.73223
4.73223
4.73223
4.73223
4.73223
4.73223
4.73223
4.73223
4.73223
4.73223
4.73223
4.73223
4.73223
4.73223
4.73223
4.73223
4.73223
4.73223
4.73223
4.73223
4.73223
4.73223
4.73223
4.73223
4.73223
4.73223
4.73223
4.73223
4.73223
4.73223
4.73223
4.73223
4.73223
4.73223
4.73223
4.73223
4.73223
4.73223
4.73223
4.73223
4.73223
4.73223
4.73223
4.73223
4.73223
4.73223
4.73223
4.73223
4.73223
4.73223
4.73223
4.73223
4.73223
4.73223
4.73223
4.73223
4.73223
4.73223
4.73223
4.73223
4.73223
4.73223
4.73223
4.73223
4.73223
4.73223
4.73223
4.73223
4.73223
4.73223
4.73223
4.73223
4.73223
4.73223
4.73223
4.73223
4.73223
4.73223
4.73223
4.73223
4.73223
4.73223
4.73223
4.73223
4.73223
4.73223
4.73223
4.73223
4.73223
4.73223
4.73223
4.73223
4.73223
4.73223
4.73223
4.73223
4.73223
4.73223
4.73223
4.73223
4.73223
4.73223
4.73223
4.73223
4.73223
4.73223
4.73223
4.73223
4.73223
4.73223
4.73223
4.73223
4.73223
4.73223
4.73223
4.73223
4.73223
4.73223
4.73223
4.73223
4.73223
4.73223
4.73223
4.73223
4.73223
4.73223
4.73223
4.73223
4.73223
4.73223
4.73223
4.73223
4.73223
4.73223
4.73223
4.73223
4.73223
4.73223
4.73223
4.73223
4.73223
4.73223
4.73223
4.73223
4.73223
4.73223
4.73223
4.73223
4.73223
4.73223
4.73223
4.73223
4.73223
4.73223
4.73223
4.73223
4.73223
4.73223
4.73223
4.73223
4.73223
4.73223
4.73223
4.73223
4.73223
4.73223
4.73223
4.73223
4.73223
4.73223
4.73223
4.73223
4.73223
4.73223
4.73223
4.73223
4.73223
4.73223
4.73223
4.73223
4.73223
4.73223
4.73223
4.73223
4.73223
4.73223
4.73223
4.73223
4.73223
4.73223
4.73223
4.73223
4.73223
4.73223
4.73223
4.73223
4.73223
4.73223
4.73223
4.73223
4.73223
4.73223
4.73223
4.73223
4.73223
4.73223
4.73223
4.73223
4.73223
4.73223
4.73223
4.73223
4.73223
4.73223
4.73223
4.73223
4.73223
4.73223
4.73223
4.73223
4.73223
4.73223
4.73223
4.73223
4.73223
4.73223
4.73223
4.73223
4.73223
4.73223
4.73223
4.73223
4.73223
4.73223
4.73223
4.73223
4.73223
4.73223
4.73223
4.73223
4.73223
4.73223
4.73223
4.73223
4.73223
4.73223
4.73223
4.73223
4.73223
4.73223
4.73223
4.73223
4.73223
4.73223
4.73223
4.73223
4.73223
4.73223
4.73223
4.73223
4.73223
4.73223
4.73223
4.73223
4.73223
4.73223
4.73223
4.73223
4.73223
4.73223
4.73223
4.73223
4.73223
4.73223
4.73223
4.73223
4.73223
4.73223
4.73223
4.73223
4.73223
4.73223
4.73223
4.73223
4.73223
4.73223
4.73223
4.73223
4.73223
4.73223
4.73223
4.73223
4.73223
4.73223
4.73223
4.73223
4.73223
4.73223
4.73223
4.73223
4.73223
4.73223
4.73223
4.73223
4.73223
4.73223
4.73223
4.73223
4.73223
4.73223
4.73223
4.73223
4.73223
4.73223
4.73223
4.73223
4.73223
4.73223
4.73223
4.73223
4.73223
4.73223
4.73223
4.73223
4.73223
4.73223
4.73223
4.73223
4.73223
4.73223
4.73223
4.73223
4.73223
4.73223
4.73223
4.73223
4.73223
4.73223
4.73223
4.73223
4.73223
4.73223
4.73223
4.73223
4.73223
4.73223
4.73223
4.73223
4.73223
4.73223
4.73223
4.73223
4.73223
4.73223
4.73223
4.73223
4.73223
4.73223
4.73223
4.73223
4.73223
4.73223
4.73223
4.73223
4.73223
4.73223
4.73223
4.73223
4.73223
4.73223
4.73223
4.73223
4.73223
4.73223
4.73223
4.73223
4.73223
4.73223
4.73223
4.73223
4.73223
4.73223
4.73223
4.73223
4.73223
4.73223
4.73223
4.73223
4.73223
4.73223
4.73223
4.73223
4.73223
4.73223
4.73223
4.73223
4.73223
4.73223
4.73223
4.73223
4.73223
4.73223
4.73223
4.73223
4.73223
4.73223
4.73223
4.73223
4.73223
4.73223
4.73223
4.73223
4.73223
4.73223
4.73223
4.73223
4.73223
4.73223
4.73223
4.73223
4.73223
4.73223
4.73223
4.73223
4.63666
4.73223
4.73223
4.73223
4.73223
4.73223
4.73223
4.73223
4.73223
4.73223
4.73223
4.73223
4.73223
4.73223
4.73223
4.73223
4.73223
4.73223
4.73223
4.73223
4.73223
4.73223
4.73223
4.73223
4.73223
4.73223
4.73223
4.73223
4.73223
4.73223
4.73223
4.73223
4.73223
4.73223
4.73223
4.73223
4.73223
4.73223
4.73223
4.73223
4.73223
4.73223
4.73223
4.73223
4.73223
4.73223
4.73223
4.73223
4.73223
4.73223
4.73223
4.73223
4.73223
4.73223
4.73223
4.73223
4.73223
4.73223
4.73223
4.73223
4.73223
4.73223
4.73223
4.73223
4.73223
4.73223
4.73223
4.73223
4.73223
4.73223
4.73223
4.73223
4.73223
4.73223
4.73223
4.73223
4.73223
4.73223
4.73223
4.73223
4.73223
4.73223
4.73223
4.73223
4.73223
4.73223
4.73223
4.73223
4.73223
4.73223
4.73223
4.73223
4.73223
4.73223
4.73223
4.73223
4.73223
4.73223
4.73223
4.73223
4.73223
4.73223
4.73223
4.73223
4.73223
4.73223
4.73223
4.73223
4.73223
4.73223
4.73223
4.73223
4.73223
4.73223
4.73223
4.73223
4.73223
4.73223
4.73223
4.73223
4.73223
4.73223
4.73223
4.73223
4.73223
4.73223
4.73223
4.73223
4.73223
4.73223
4.73223
4.73223
4.73223
4.73223
4.73223
4.73223
4.73223
4.73223
4.73223
4.73223
4.73223
4.73223
4.73223
4.73223
4.73223
4.73223
4.73223
4.73223
4.73223
4.73223
4.73223
4.73223
4.73223
4.73223
4.73223
4.73223
4.73223
4.73223
4.73223
4.73223
4.73223
4.73223
4.73223
4.73223
4.73223
4.73223
4.73223
4.73223
4.73223
4.73223
4.73223
4.73223
4.73223
4.73223
4.73223
4.73223
4.73223
4.73223
4.73223
4.73223
4.73223
4.73223
4.73223
4.73223
4.73223
4.73223
4.73223
4.73223
4.73223
4.73223
4.73223
4.73223
4.73223
4.73223
4.73223
4.73223
4.73223
4.73223
4.73223
4.73223
4.73223
4.73223
4.73223
4.73223
4.73223
4.73223
4.73223
4.73223
4.73223
4.73223
4.73223
4.73223
4.73223
4.73223
4.73223
4.73223
4.73223
4.73223
4.73223
4.73223
4.73223
4.73223
4.73223
4.73223
4.73223
4.73223
4.73223
4.73223
4.73223
4.73223
4.73223
4.73223
4.73223
4.73223
4.73223
4.73223
4.73223
4.73223
4.73223
4.73223
4.73223
4.73223
4.73223
4.73223
4.73223
4.73223
4.73223
4.73223
4.73223
4.73223
4.73223
4.73223
4.73223
4.73223
4.73223
4.73223
4.73223
4.73223
4.73223
4.73223
4.73223
4.73223
4.73223
4.73223
4.73223
4.73223
4.73223
4.73223
4.73223
4.73223
4.73223
4.73223
4.73223
4.73223
4.73223
4.73223
4.73223
4.73223
4.73223
4.73223
4.73223
4.73223
4.73223
4.73223
4.73223
4.73223
4.73223
4.73223
4.73223
4.73223
4.73223
4.73223
4.73223
4.73223
4.73223
4.73223
4.73223
4.73223
4.73223
4.73223
4.73223
4.73223
4.73223
4.73223
4.73223
4.73223
4.73223
4.73223
4.73223
4.73223
4.73223
4.73223
4.73223
4.73223
4.73223
4.73223
4.73223
4.73223
4.73223
4.73223
4.73223
4.73223
4.73223
4.73223
4.73223
4.73223
4.73223
4.73223
4.73223
4.73223
4.73223
4.73223
4.73223
4.73223
4.73223
4.73223
4.73223
4.73223
4.73223
4.73223
4.73223
4.73223
4.73223
4.73223
4.73223
4.73223
4.73223
4.73223
4.73223
4.73223
4.73223
4.73223
4.73223
4.73223
4.73223
4.73223
4.73223
4.73223
4.73223
4.73223
4.73223
4.73223
4.73223
4.73223
4.73223
4.73223
4.73223
4.73223
4.73223
4.73223
4.73223
4.73223
4.73223
4.73223
4.73223
4.73223
4.73223
4.73223
4.73223
4.73223
4.73223
4.73223
4.73223
4.73223
4.73223
4.73223
4.73223
4.73223
4.73223
4.73223
4.73223
4.73223
4.73223
4.73223
4.73223
4.73223
4.73223
4.73223
4.73223
4.73223
4.73223
4.73223
4.73223
4.73223
4.73223
4.73223
4.73223
4.73223
4.73223
4.73223
4.73223
4.73223
4.73223
4.73223
4.73223
4.73223
4.73223
4.73223
4.73223
4.73223
4.73223
4.73223
4.73223
4.73223
4.73223
4.73223
4.73223
4.73223
4.73223
4.73223
4.73223
4.73223
4.73223
4.73223
4.73223
4.73223
4.73223
4.73223
4.73223
4.73223
4.73223
4.73223
4.73223
4.73223
4.73223
4.73223
4.73223
4.73223
4.73223
4.73223
4.73223
4.73223
4.73223
4.73223
4.73223
4.73223
4.73223
4.73223
4.73223
4.73223
4.73223
4.73223
4.73223
4.73223
4.73223
4.73223
4.73223
4.73223
4.73223
4.73223
4.73223
4.73223
4.73223
4.73223
4.73223
4.73223
4.73223
4.73223
4.73223
4.73223
4.73223
4.73223
4.73223
4.73223
4.73223
4.73223
4.73223
4.73223
4.73223
4.73223
4.73223
4.73223
4.73223
4.73223
4.63666
4.63666
4.63666
4.73223
4.73223
4.73223
4.73223
4.73223
4.73223
4.73223
4.73223
4.73223
4.73223
4.73223
4.73223
4.73223
4.73223
4.73223
4.73223
4.73223
4.73223
4.73223
4.73223
4.73223
4.73223
4.73223
4.73223
4.73223
4.73223
4.73223
4.73223
4.73223
4.73223
4.73223
4.73223
4.73223
4.73223
4.73223
4.73223
4.73223
4.73223
4.73223
4.73223
4.73223
4.73223
4.73223
4.73223
4.73223
4.73223
4.73223
4.73223
4.73223
4.73223
4.73223
4.73223
4.73223
4.73223
4.73223
4.73223
4.73223
4.73223
4.73223
4.73223
4.73223
4.73223
4.73223
4.73223
4.73223
4.73223
4.73223
4.73223
4.73223
4.73223
4.73223
4.73223
4.73223
4.73223
4.73223
4.73223
4.73223
4.73223
4.73223
4.73223
4.73223
4.73223
4.73223
4.73223
4.73223
4.73223
4.73223
4.73223
4.73223
4.73223
4.73223
4.73223
4.73223
4.73223
4.73223
4.73223
4.73223
4.73223
4.73223
4.73223
4.73223
4.73223
4.73223
4.73223
4.73223
4.73223
4.73223
4.73223
4.73223
4.73223
4.73223
4.73223
4.73223
4.73223
4.73223
4.73223
4.73223
4.73223
4.73223
4.73223
4.73223
4.73223
4.73223
4.73223
4.73223
4.73223
4.73223
4.73223
4.73223
4.73223
4.73223
4.73223
4.73223
4.73223
4.73223
4.73223
4.73223
4.73223
4.73223
4.73223
4.73223
4.73223
4.73223
4.73223
4.73223
4.73223
4.73223
4.73223
4.73223
4.73223
4.73223
4.73223
4.73223
4.73223
4.73223
4.73223
4.73223
4.73223
4.73223
4.73223
4.73223
4.73223
4.73223
4.73223
4.73223
4.73223
4.73223
4.73223
4.73223
4.73223
4.73223
4.73223
4.73223
4.73223
4.73223
4.73223
4.73223
4.73223
4.73223
4.73223
4.73223
4.73223
4.73223
4.73223
4.73223
4.73223
4.73223
4.73223
4.73223
4.73223
4.73223
4.73223
4.73223
4.73223
4.73223
4.73223
4.73223
4.73223
4.73223
4.73223
4.73223
4.73223
4.73223
4.73223
4.73223
4.73223
4.73223
4.73223
4.73223
4.73223
4.73223
4.73223
4.73223
4.73223
4.73223
4.73223
4.73223
4.73223
4.73223
4.73223
4.73223
4.73223
4.73223
4.73223
4.73223
4.73223
4.73223
4.73223
4.73223
4.73223
4.73223
4.73223
4.73223
4.73223
4.73223
4.73223
4.73223
4.73223
4.73223
4.73223
4.73223
4.73223
4.73223
4.73223
4.73223
4.73223
4.73223
4.73223
4.73223
4.73223
4.73223
4.73223
4.73223
4.73223
4.73223
4.73223
4.73223
4.73223
4.73223
4.73223
4.73223
4.73223
4.73223
4.73223
4.73223
4.73223
4.73223
4.73223
4.73223
4.73223
4.73223
4.73223
4.73223
4.73223
4.73223
4.73223
4.73223
4.73223
4.73223
4.73223
4.73223
4.73223
4.73223
4.73223
4.73223
4.73223
4.73223
4.73223
4.73223
4.73223
4.73223
4.73223
4.73223
4.73223
4.73223
4.73223
4.73223
4.73223
4.73223
4.73223
4.73223
4.73223
4.73223
4.73223
4.73223
4.73223
4.73223
4.73223
4.73223
4.73223
4.73223
4.73223
4.73223
4.73223
4.73223
4.73223
4.73223
4.73223
4.73223
4.73223
4.73223
4.73223
4.73223
4.73223
4.73223
4.73223
4.73223
4.73223
4.73223
4.73223
4.73223
4.73223
4.73223
4.73223
4.73223
4.73223
4.73223
4.73223
4.73223
4.73223
4.73223
4.73223
4.73223
4.73223
4.73223
4.73223
4.73223
4.73223
4.73223
4.73223
4.73223
4.73223
4.73223
4.73223
4.73223
4.73223
4.73223
4.73223
4.73223
4.73223
4.73223
4.73223
4.73223
4.73223
4.73223
4.73223
4.73223
4.73223
4.73223
4.73223
4.73223
4.73223
4.73223
4.73223
4.73223
4.73223
4.73223
4.73223
4.73223
4.73223
4.73223
4.73223
4.73223
4.73223
4.73223
4.73223
4.73223
4.73223
4.73223
4.73223
4.73223
4.73223
4.73223
4.73223
4.73223
4.73223
4.73223
4.73223
4.73223
4.73223
4.73223
4.73223
4.73223
4.73223
4.73223
4.73223
4.73223
4.73223
4.73223
4.73223
4.73223
4.73223
4.73223
4.73223
4.73223
4.73223
4.73223
4.73223
4.73223
4.73223
4.73223
4.73223
4.73223
4.73223
4.73223
4.73223
4.73223
4.73223
4.73223
4.73223
4.73223
4.73223
4.73223
4.73223
4.73223
4.73223
4.73223
4.73223
4.73223
4.73223
4.73223
4.73223
4.73223
4.73223
4.73223
4.73223
4.73223
4.73223
4.73223
4.73223
4.73223
4.73223
4.73223
4.73223
4.73223
4.73223
4.73223
4.73223
4.73223
4.73223
4.73223
4.73223
4.73223
4.73223
4.73223
4.73223
4.73223
4.73223
4.73223
4.73223
4.73223
4.73223
4.73223
4.73223
4.73223
4.73223
4.73223
4.73223
4.73223
4.73223
4.73223
4.73223
4.73223
4.73223
4.73223
4.73223
4.73223
4.73223
4.73223
4.73223
4.73223
4.73223
4.73223
4.73223
4.73223
4.73223
4.73223
4.73223
4.73223
4.73223
4.73223
4.73223
4.73223
4.73223
4.73223
4.73223
4.73223
4.73223
4.73223
4.73223
4.73223
4.73223
4.73223
4.73223
4.73223
4.73223
4.73223
4.73223
4.73223
4.73223
4.73223
4.73223
4.73223
4.73223
4.73223
4.73223
4.73223
4.73223
4.73223
4.73223
4.73223
4.73223
4.73223
4.73223
4.73223
4.73223
4.73223
4.73223
4.73223
4.73223
4.73223
4.73223
4.73223
4.73223
4.73223
4.73223
4.73223
4.73223
4.73223
4.73223
4.73223
4.73223
4.73223
4.73223
4.73223
4.73223
4.73223
4.73223
4.73223
4.73223
4.73223
4.73223
4.73223
4.73223
4.73223
4.73223
4.73223
4.73223
4.73223
4.73223
4.73223
4.73223
4.73223
4.73223
4.73223
4.73223
4.73223
4.73223
4.73223
4.73223
4.73223
4.73223
4.73223
4.73223
4.73223
4.73223
4.73223
4.73223
4.73223
4.73223
4.73223
4.73223
4.73223
4.73223
4.73223
4.73223
4.73223
4.73223
4.73223
4.73223
4.73223
4.73223
4.73223
4.73223
4.73223
4.73223
4.73223
4.73223
4.73223
4.73223
4.73223
4.73223
4.73223
4.73223
4.73223
4.73223
4.73223
4.73223
4.73223
4.73223
4.73223
4.73223
4.73223
4.73223
4.73223
4.73223
4.73223
4.73223
4.73223
4.73223
4.73223
4.73223
4.73223
4.73223
4.73223
4.73223
4.73223
4.73223
4.73223
4.73223
4.73223
4.73223
4.73223
4.73223
4.73223
4.73223
4.73223
4.73223
4.73223
4.73223
4.73223
4.73223
4.73223
4.73223
4.73223
4.73223
4.73223
4.73223
4.73223
4.73223
4.73223
4.73223
4.73223
4.73223
4.73223
4.73223
4.73223
4.73223
4.73223
4.73223
4.73223
4.73223
4.73223
4.73223
4.73223
4.73223
4.73223
4.73223
4.73223
4.73223
4.73223
4.73223
4.73223
4.73223
4.73223
4.73223
4.73223
4.73223
4.73223
4.73223
4.73223
4.73223
4.73223
4.73223
4.73223
4.73223
4.73223
4.73223
4.73223
4.73223
4.73223
4.73223
4.73223
4.73223
4.73223
4.73223
4.73223
4.73223
4.73223
4.73223
4.73223
4.73223
4.73223
4.73223
4.73223
4.73223
4.73223
4.73223
4.73223
4.73223
4.73223
4.73223
4.73223
4.73223
4.73223
4.73223
4.73223
4.73223
4.73223
4.73223
4.73223
4.73223
4.73223
4.73223
4.73223
4.73223
4.73223
4.73223
4.73223
4.73223
4.73223
4.73223
4.73223
4.73223
4.73223
4.73223
4.73223
4.73223
4.73223
4.73223
4.73223
4.73223
4.73223
4.73223
4.73223
4.73223
4.73223
4.73223
4.73223
4.73223
4.73223
4.73223
4.73223
4.73223
4.73223
4.73223
4.73223
4.73223
4.73223
4.73223
4.73223
4.73223
4.73223
4.73223
4.73223
4.73223
4.73223
4.73223
4.73223
4.73223
4.73223
4.73223
4.73223
4.73223
4.73223
4.73223
4.73223
4.73223
4.73223
4.73223
4.73223
4.73223
4.73223
4.73223
4.73223
4.73223
4.73223
4.73223
4.73223
4.73223
4.73223
4.73223
4.73223
4.73223
4.73223
4.73223
4.73223
4.73223
4.73223
4.73223
4.73223
4.73223
4.73223
4.73223
4.73223
4.73223
4.73223
4.73223
4.73223
4.73223
4.73223
4.73223
4.73223
4.73223
4.73223
4.73223
4.73223
4.73223
4.73223
4.73223
4.73223
4.73223
4.73223
4.73223
4.73223
4.73223
4.73223
4.73223
4.73223
4.73223
4.73223
4.73223
4.73223
4.73223
4.73223
4.73223
4.73223
4.73223
4.73223
4.73223
4.73223
4.73223
4.73223
4.63666
4.73223
4.73223
4.73223
4.73223
4.73223
4.73223
4.73223
4.73223
4.73223
4.73223
4.73223
4.73223
4.73223
4.73223
4.73223
4.73223
4.73223
4.73223
4.73223
4.73223
4.73223
4.73223
4.73223
4.73223
4.73223
4.73223
4.73223
4.73223
4.73223
4.73223
4.73223
4.73223
4.73223
4.73223
4.73223
4.73223
4.73223
4.73223
4.73223
4.73223
4.73223
4.73223
4.73223
4.73223
4.73223
4.73223
4.73223
4.73223
4.73223
4.73223
4.73223
4.73223
4.73223
4.73223
4.73223
4.73223
4.73223
4.73223
4.73223
4.73223
4.73223
4.73223
4.73223
4.73223
4.73223
4.73223
4.73223
4.73223
4.73223
4.73223
4.73223
4.73223
4.73223
4.73223
4.73223
4.73223
4.73223
4.73223
4.73223
4.73223
4.73223
4.73223
4.73223
4.73223
4.73223
4.73223
4.73223
4.73223
4.73223
4.73223
4.73223
4.73223
4.73223
4.73223
4.73223
4.73223
4.73223
4.73223
4.73223
4.73223
4.73223
4.73223
4.73223
4.73223
4.73223
4.73223
4.73223
4.73223
4.73223
4.73223
4.73223
4.73223
4.73223
4.73223
4.73223
4.73223
4.73223
4.73223
4.73223
4.73223
4.73223
4.73223
4.73223
4.73223
4.73223
4.73223
4.73223
4.73223
4.73223
4.73223
4.73223
4.73223
4.73223
4.73223
4.73223
4.73223
4.73223
4.73223
4.73223
4.73223
4.73223
4.73223
4.73223
4.73223
4.73223
4.73223
4.73223
4.73223
4.73223
4.73223
4.73223
4.73223
4.73223
4.73223
4.73223
4.73223
4.73223
4.73223
4.73223
4.73223
4.73223
4.73223
4.73223
4.73223
4.73223
4.73223
4.73223
4.73223
4.73223
4.73223
4.73223
4.73223
4.73223
4.73223
4.73223
4.73223
4.73223
4.73223
4.73223
4.73223
4.73223
4.73223
4.73223
4.73223
4.73223
4.73223
4.73223
4.73223
4.73223
4.73223
4.73223
4.73223
4.73223
4.73223
4.73223
4.73223
4.73223
4.73223
4.73223
4.73223
4.73223
4.73223
4.73223
4.73223
4.73223
4.73223
4.73223
4.73223
4.73223
4.73223
4.73223
4.73223
4.73223
4.73223
4.73223
4.73223
4.73223
4.73223
4.73223
4.73223
4.73223
4.73223
4.73223
4.73223
4.73223
4.73223
4.73223
4.73223
4.73223
4.73223
4.73223
4.73223
4.73223
4.73223
4.73223
4.73223
4.73223
4.73223
4.73223
4.73223
4.73223
4.73223
4.73223
4.73223
4.73223
4.73223
4.73223
4.73223
4.73223
4.73223
4.73223
4.73223
4.73223
4.73223
4.73223
4.73223
4.73223
4.73223
4.73223
4.73223
4.73223
4.73223
4.73223
4.73223
4.73223
4.73223
4.73223
4.73223
4.73223
4.73223
4.73223
4.73223
4.73223
4.73223
4.73223
4.73223
4.73223
4.73223
4.73223
4.73223
4.73223
4.73223
4.73223
4.73223
4.73223
4.73223
4.73223
4.73223
4.73223
4.73223
4.73223
4.73223
4.73223
4.73223
4.73223
4.73223
4.73223
4.73223
4.73223
4.73223
4.73223
4.73223
4.73223
4.73223
4.73223
4.73223
4.73223
4.73223
4.73223
4.73223
4.73223
4.73223
4.73223
4.73223
4.73223
4.73223
4.73223
4.73223
4.73223
4.73223
4.73223
4.73223
4.73223
4.73223
4.73223
4.73223
4.73223
4.73223
4.73223
4.73223
4.73223
4.73223
4.73223
4.73223
4.73223
4.73223
4.73223
4.73223
4.73223
4.73223
4.73223
4.73223
4.73223
4.73223
4.73223
4.73223
4.73223
4.73223
4.73223
4.73223
4.73223
4.73223
4.73223
4.73223
4.73223
4.73223
4.73223
4.73223
4.73223
4.73223
4.73223
4.73223
4.73223
4.73223
4.73223
4.73223
4.73223
4.73223
4.73223
4.73223
4.73223
4.73223
4.73223
4.73223
4.73223
4.73223
4.73223
4.73223
4.73223
4.73223
4.73223
4.73223
4.73223
4.73223
4.73223
4.73223
4.73223
4.73223
4.73223
4.73223
4.73223
4.73223
4.73223
4.73223
4.73223
4.73223
4.73223
4.73223
4.73223
4.73223
4.73223
4.73223
4.73223
4.73223
4.73223
4.73223
4.73223
4.73223
4.73223
4.73223
4.73223
4.73223
4.73223
4.73223
4.73223
4.73223
4.73223
4.73223
4.73223
4.73223
4.73223
4.73223
4.73223
4.73223
4.73223
4.73223
4.73223
4.73223
4.73223
4.73223
4.73223
4.73223
4.73223
4.73223
4.73223
4.73223
4.73223
4.73223
4.73223
4.73223
4.73223
4.73223
4.73223
4.73223
4.73223
4.73223
4.73223
4.73223
4.73223
4.73223
4.73223
4.73223
4.73223
4.73223
4.73223
4.73223
4.73223
4.73223
4.73223
4.73223
4.73223
4.73223
4.73223
4.73223
4.73223
4.73223
4.73223
4.73223
4.63666
4.63666
4.63666
4.73223
4.73223
4.73223
4.73223
4.73223
4.73223
4.73223
4.73223
4.73223
4.73223
4.73223
4.73223
4.73223
4.73223
4.73223
4.73223
4.73223
4.73223
4.73223
4.73223
4.73223
4.73223
4.73223
4.73223
4.73223
4.73223
4.73223
4.73223
4.73223
4.73223
4.73223
4.73223
4.73223
4.73223
4.73223
4.73223
4.73223
4.73223
4.73223
4.73223
4.73223
4.73223
4.73223
4.73223
4.73223
4.73223
4.73223
4.73223
4.73223
4.73223
4.73223
4.73223
4.73223
4.73223
4.73223
4.73223
4.73223
4.73223
4.73223
4.73223
4.73223
4.73223
4.73223
4.73223
4.73223
4.73223
4.73223
4.73223
4.73223
4.73223
4.73223
4.73223
4.73223
4.73223
4.73223
4.73223
4.73223
4.73223
4.73223
4.73223
4.73223
4.73223
4.73223
4.73223
4.73223
4.73223
4.73223
4.73223
4.73223
4.73223
4.73223
4.73223
4.73223
4.73223
4.73223
4.73223
4.73223
4.73223
4.73223
4.73223
4.73223
4.73223
4.73223
4.73223
4.73223
4.73223
4.73223
4.73223
4.73223
4.73223
4.73223
4.73223
4.73223
4.73223
4.73223
4.73223
4.73223
4.73223
4.73223
4.73223
4.73223
4.73223
4.73223
4.73223
4.73223
4.73223
4.73223
4.73223
4.73223
4.73223
4.73223
4.73223
4.73223
4.73223
4.73223
4.73223
4.73223
4.73223
4.73223
4.73223
4.73223
4.73223
4.73223
4.73223
4.73223
4.73223
4.73223
4.73223
4.73223
4.73223
4.73223
4.73223
4.73223
4.73223
4.73223
4.73223
4.73223
4.73223
4.73223
4.73223
4.73223
4.73223
4.73223
4.73223
4.73223
4.73223
4.73223
4.73223
4.73223
4.73223
4.73223
4.73223
4.73223
4.73223
4.73223
4.73223
4.73223
4.73223
4.73223
4.73223
4.73223
4.73223
4.73223
4.73223
4.73223
4.73223
4.73223
4.73223
4.73223
4.73223
4.73223
4.73223
4.73223
4.73223
4.73223
4.73223
4.73223
4.73223
4.73223
4.73223
4.73223
4.73223
4.73223
4.73223
4.73223
4.73223
4.73223
4.73223
4.73223
4.73223
4.73223
4.73223
4.73223
4.73223
4.73223
4.73223
4.73223
4.73223
4.73223
4.73223
4.73223
4.73223
4.73223
4.73223
4.73223
4.73223
4.73223
4.73223
4.73223
4.73223
4.73223
4.73223
4.73223
4.73223
4.73223
4.73223
4.73223
4.73223
4.73223
4.73223
4.73223
4.73223
4.73223
4.73223
4.73223
4.73223
4.73223
4.73223
4.73223
4.73223
4.73223
4.73223
4.73223
4.73223
4.73223
4.73223
4.73223
4.73223
4.73223
4.73223
4.73223
4.73223
4.73223
4.73223
4.73223
4.73223
4.73223
4.73223
4.73223
4.73223
4.73223
4.73223
4.73223
4.73223
4.73223
4.73223
4.73223
4.73223
4.73223
4.73223
4.73223
4.73223
4.73223
4.73223
4.73223
4.73223
4.73223
4.73223
4.73223
4.73223
4.73223
4.73223
4.73223
4.73223
4.73223
4.73223
4.73223
4.73223
4.73223
4.73223
4.73223
4.73223
4.73223
4.73223
4.73223
4.73223
4.73223
4.73223
4.73223
4.73223
4.73223
4.73223
4.73223
4.73223
4.73223
4.73223
4.73223
4.73223
4.73223
4.73223
4.73223
4.73223
4.73223
4.73223
4.73223
4.73223
4.73223
4.73223
4.73223
4.73223
4.73223
4.73223
4.73223
4.73223
4.73223
4.73223
4.73223
4.73223
4.73223
4.73223
4.73223
4.73223
4.73223
4.73223
4.73223
4.73223
4.73223
4.73223
4.73223
4.73223
4.73223
4.73223
4.73223
4.73223
4.73223
4.73223
4.73223
4.73223
4.73223
4.73223
4.73223
4.73223
4.73223
4.73223
4.73223
4.73223
4.73223
4.73223
4.73223
4.73223
4.73223
4.73223
4.73223
4.73223
4.73223
4.73223
4.73223
4.73223
4.73223
4.73223
4.73223
4.73223
4.73223
4.73223
4.73223
4.73223
4.73223
4.73223
4.73223
4.73223
4.73223
4.73223
4.73223
4.73223
4.73223
4.73223
4.73223
4.73223
4.73223
4.73223
4.73223
4.73223
4.73223
4.73223
4.73223
4.73223
4.73223
4.73223
4.73223
4.73223
4.73223
4.73223
4.73223
4.73223
4.73223
4.73223
4.73223
4.73223
4.73223
4.73223
4.73223
4.73223
4.73223
4.73223
4.73223
4.73223
4.73223
4.73223
4.73223
4.73223
4.73223
4.73223
4.73223
4.73223
4.73223
4.73223
4.73223
4.73223
4.73223
4.73223
4.73223
4.73223
4.73223
4.73223
4.73223
4.73223
4.73223
4.73223
4.73223
4.73223
4.73223
4.73223
4.73223
4.73223
4.73223
4.73223
4.73223
4.73223
4.73223
4.73223
4.73223
4.73223
4.73223
4.73223
4.73223
4.73223
4.73223
4.73223
4.73223
4.73223
4.73223
4.73223
4.73223
4.73223
4.73223
4.73223
4.73223
4.73223
4.73223
4.73223
4.73223
4.63666
4.63666
4.63666
4.63666
4.73223
4.73223
4.73223
4.73223
4.73223
4.73223

