0.438568   0.325407   -0.0116825
0.00682384   -0.452536   -0.0219805
-0.00457467   -0.105225   0.0531735
0.377688   0.109964   0.254744
-0.272821   0.0297178   -0.258467
0.499406   0.176306   -0.20036
0.471777   -0.217036   0.240081
0.47241   0.101699   0.0708945
0.442214   -0.452587   0.285403
0.442628   0.43804   0.486989
0.260662   0.184842   -0.113307
0.116   0.0734916   0.417406
-0.239921   -0.104123   0.11114
0.0498429   0.13392   -0.00611142
0.472026   0.344001   -0.290209
0.305232   0.292297   -0.471531
-0.0922953   0.157382   0.144566
0.204377   -0.107655   -0.20376
0.253673   -0.0628846   0.215436
0.317094   0.434094   0.151062
-0.296833   -0.102109   -0.407265
0.0843323   -0.16214   0.340687
0.0417488   0.497838   -0.211269
-0.185221   0.467333   0.05078
-0.298291   0.180466   0.149063
-0.153746   0.0393826   -0.0482695
0.0999133   0.0633762   -0.245319
0.0854935   -0.331794   0.465594
0.364241   -0.229221   -0.310668
-0.0448645   -0.413044   -0.402084
-0.380827   -0.20669   0.397215
-0.335806   0.211947   -0.377479
0.394594   -0.120281   0.0528098
0.125269   0.403266   -0.472163
-0.231198   -0.294104   -0.283458
0.203637   0.375855   -0.263729
0.341203   0.313048   0.331504
-0.0450841   -0.288599   -0.172679
-0.111008   -0.101073   0.468521
0.23937   -0.238796   -0.476696
-0.291033   0.225307   -0.1482
-0.431646   -0.197296   -0.149949
0.0274455   0.224809   -0.436999
-0.126233   0.2032   -0.281002
0.0498538   -0.344594   0.252855
0.171031   -0.421686   0.0869612
0.180801   0.398634   -0.0281708
-0.253696   0.43315   0.48828
-0.324543   -0.294495   0.223012
0.139702   -0.265961   -0.315841
-0.100667   0.375789   -0.390022
-0.483652   0.254325   0.210116
0.00255541   0.34497   0.0603596
0.117193   0.268047   0.369756
0.0338875   0.293871   -0.20271
0.272763   -0.288573   0.327581
-0.223253   -0.200874   -0.0807125
-0.382178   -0.265032   0.0389135
-0.459556   -0.0346274   0.216575
-0.0195323   -0.0769228   -0.143852
-0.401122   0.401097   0.336517
0.213869   -0.491002   0.373068
0.368161   0.0283315   -0.113504
0.384751   -0.125577   0.422826
-0.415041   0.00986672   0.425452
-0.100245   0.324583   0.403796
0.114306   -0.266345   -0.0690701
0.137866   0.360111   0.207024
0.384874   0.464982   -0.156227
0.179765   -0.0109608   0.0318693
0.105194   -0.0862515   -0.407963
-0.12585   -0.311497   0.0960034
-0.35542   -0.425497   0.419948
-0.357681   0.351708   0.0318572
-0.160167   0.372992   -0.178527
-0.490198   0.248228   0.476439
0.430159   -0.358538   0.477654
0.228257   -0.436258   -0.364809
0.342416   0.0897199   -0.492629
-0.129274   -0.151917   0.268563
0.296018   0.183451   -0.315556
0.150799   0.117343   0.19653
0.356114   -0.281786   -0.104231
-0.1631   -0.308065   0.424588
0.28715   -0.0393406   -0.365288
-0.097099   0.0131735   -0.357887
0.308154   0.222607   0.109509
0.376593   -0.366834   0.0803724
-0.2495   -0.00540943   0.334432
0.181696   -0.229124   0.120069
-0.286101   -0.480556   -0.34159
-0.272322   0.200232   0.391886
-0.0967087   -0.184957   -0.357753
-0.400156   -0.479313   0.162033
-0.466955   -0.194514   -0.366567
-0.202899   -0.440444   0.281445
-0.474513   -0.403854   -0.0551467
-0.357327   0.0199099   -0.0189835
-0.273782   -0.399686   -0.126274
-0.496849   -0.390005   -0.251197
0.006132   0.492191   0.411185
0.215726   -0.420984   -0.136931
-0.222302   0.35929   0.220684
-0.0149218   0.485045   0.184652
-0.0954039   0.131744   0.431253
0.015384   -0.0068325   0.261854
-0.493832   0.00510937   -0.362809
-0.371428   0.424294   -0.164416
