           1   -0.343566   -0.343566           0
           2   -0.307658   -0.325612   0.0179543
           3   -0.309808   -0.320344   0.0116278
           4   -0.307292   -0.317081  0.00884589
           5   -0.285727    -0.31081  0.00928829
           6   -0.308494   -0.310424  0.00759368
           7   -0.334363   -0.313844   0.0072721
           8   -0.321372   -0.314785  0.00636773
           9    -0.33069   -0.316552  0.00588733
          10   -0.351836   -0.320081  0.00633859
          11   -0.363443   -0.324023  0.00695791
          12    -0.33834   -0.325216  0.00646276
          13   -0.367626   -0.328478  0.00678117
          14   -0.348707   -0.329923  0.00644227
          15   -0.319685    -0.32924  0.00603615
          16   -0.322587   -0.328825  0.00566159
          17   -0.319462   -0.328274  0.00534658
          18   -0.335787   -0.328691  0.00505805
          19   -0.329702   -0.328744  0.00478473
          20   -0.357108   -0.330163  0.00475558
          21   -0.346708   -0.330951  0.00459156
          22   -0.388779   -0.333579  0.00510638
          23   -0.370607   -0.335189  0.00513804
          24   -0.374015   -0.336807  0.00517849
          25   -0.377423   -0.338431  0.00522598
          26   -0.384492   -0.340203  0.00532432
          27   -0.400599    -0.34244  0.00559037
          28   -0.391223   -0.344182  0.00566175
          29   -0.404436    -0.34626   0.0058448
          30   -0.406949   -0.348283  0.00599805
          31   -0.405541    -0.35013  0.00608828
          32   -0.391922   -0.351436  0.00603789
          33   -0.405738   -0.353081  0.00607901
          34   -0.414798   -0.354897  0.00617054
          35   -0.440256   -0.357335  0.00646898
          36   -0.444475   -0.359756  0.00673661
          37   -0.452365   -0.362259  0.00701381
          38   -0.474259   -0.365206  0.00743581
          39    -0.46549   -0.367778  0.00768556
          40    -0.45641   -0.369993   0.0078118
          41   -0.434287   -0.371562  0.00777859
          42   -0.450347   -0.373437  0.00781946
          43   -0.410952    -0.37431  0.00768513
          44   -0.409073     -0.3751  0.00754989
          45   -0.382291    -0.37526  0.00738194
          46    -0.40216   -0.375845  0.00724332
          47   -0.382092   -0.375977  0.00708878
          48   -0.405954   -0.376602  0.00696757
          49   -0.410997   -0.377304   0.0068599
          50   -0.398308   -0.377724  0.00673442
