           1    -7.48157    -7.48157           0
           2    -7.65518    -7.56837   0.0868057
           3    -7.50624    -7.54766   0.0542287
           4    -7.61505    -7.56451   0.0418837
           5    -7.54885    -7.56138   0.0325937
           6    -7.53494    -7.55697    0.026975
           7    -7.56082    -7.55752   0.0228047
           8    -7.55988    -7.55782   0.0197517
           9      -7.561    -7.55817   0.0174229
          10    -7.57548     -7.5599   0.0156794
          11    -7.59475    -7.56307   0.0145321
          12    -7.56346     -7.5631    0.013266
          13    -7.54205    -7.56148   0.0123099
          14    -7.61766     -7.5655   0.0120825
          15    -7.54657    -7.56423   0.0113188
          16    -7.51881    -7.56139   0.0109618
          17    -7.56168    -7.56141   0.0102969
          18    -7.57885    -7.56238  0.00975619
          19    -7.54553    -7.56149  0.00927095
          20    -7.59881    -7.56336  0.00899097
          21    -7.57038    -7.56369  0.00855865
          22    -7.56232    -7.56363  0.00816059
          23    -7.50352    -7.56102  0.00822411
          24    -7.63677    -7.56417  0.00848309
          25    -7.52564    -7.56263  0.00828141
          26    -7.56217    -7.56261  0.00795654
          27    -7.55552    -7.56235  0.00766069
          28    -7.57445    -7.56278  0.00739465
          29    -7.55319    -7.56245  0.00714277
          30    -7.52552    -7.56122  0.00700955
          31    -7.58135    -7.56187   0.0068107
          32    -7.56397    -7.56194  0.00659476
          33    -7.52945    -7.56095  0.00646715
          34    -7.59064    -7.56183  0.00633454
          35     -7.5866    -7.56253   0.0061915
          36    -7.54806    -7.56213  0.00603047
          37    -7.57475    -7.56247  0.00587512
          38    -7.56404    -7.56251  0.00571857
          39    -7.52393    -7.56152  0.00565719
          40    -7.53685    -7.56091  0.00554833
          41    -7.53717    -7.56033  0.00544221
          42    -7.60054    -7.56129  0.00539665
          43    -7.57037     -7.5615  0.00527388
          44    -7.52545    -7.56068  0.00521737
          45    -7.64601    -7.56257  0.00544126
          46    -7.47595    -7.56069    0.005645
          47    -7.62315    -7.56202   0.0056812
          48      -7.533    -7.56142  0.00559435
          49    -7.54525    -7.56109  0.00548892
          50    -7.59292    -7.56172  0.00541557
