0           0           0
0.0230664           0           0
0.0461329           0           0
0.0691993           0           0
0.0922657           0           0
0.115332           0           0
0.138399           0           0
0.161465           0           0
0.184531           0           0
0.207598           0           0
0.230664           0           0
0.253731           0           0
0.276797           0           0
0.299864           0           0
0.32293           0           0
0.345996           0           0
0.369063           0           0
0.392129           0           0
0.415196           0           0
0.438262           0           0
0.461329           0           0
0.484395           0           0
0.507461           0           0
0.530528           0           0
0.553594           0           0
0.576661           0           0
0.599727           0           0
0.622794           0           0
0.64586           0           0
0.668926           0           0
0.691993           0           0
0.715059           0           0
0.738126           0           0
0.761192           0           0
0.784259           0           0
0.807325           0           0
0.830391           0           0
0.853458           0           0
0.876524           0           0
0.899591   0.0024066 0.000900966
0.922657   0.0532822  0.00376957
0.945724    0.378525  0.00827396
0.96879     1.31287   0.0165888
0.991856     2.95737   0.0305501
1.01492     4.87949   0.0346315
1.03799     6.13895   0.0393359
1.06106     6.54061   0.0426757
1.08412     6.06784   0.0390044
1.10719     4.87597   0.0334111
1.13026     3.56447    0.032569
1.15332     2.42233   0.0214518
1.17639     1.49146   0.0188009
1.19945    0.876098   0.0179598
1.22252    0.484091   0.0114614
1.24559    0.243212  0.00930544
1.26865    0.114672  0.00604973
1.29172   0.0598675  0.00469339
1.31479   0.0593616  0.00423142
1.33785   0.0834365   0.0050491
1.36092    0.142766  0.00602543
1.38399    0.243342  0.00766276
1.40705    0.398655   0.0104149
1.43012    0.606339  0.00909783
1.45319    0.831513  0.00966134
1.47625     1.04377   0.0124549
1.49932     1.23481   0.0157156
1.52238      1.2935   0.0151963
1.54545     1.21694    0.013666
1.56852      1.0954   0.0121202
1.59158    0.858667  0.00880685
1.61465    0.636056  0.00828108
1.63772    0.418362  0.00725228
1.66078    0.289216  0.00574349
1.68385    0.254047  0.00906419
1.70692    0.343807   0.0105659
1.72998    0.575944   0.0122297
1.75305    0.973879   0.0119119
1.77612     1.57714   0.0142853
1.79918     2.31766   0.0162998
1.82225      2.9974   0.0180249
1.84531     3.46625   0.0221986
1.86838     3.62006   0.0254598
1.89145     3.40865   0.0225825
1.91451     2.89956   0.0161598
1.93758     2.29345   0.0150879
1.96065     1.61837   0.0132623
1.98371     1.06712   0.0130551
2.00678    0.707947    0.010341
2.02985    0.553536   0.0110059
2.05291    0.599372  0.00983353
2.07598    0.800524   0.0106296
2.09905     1.02045  0.00881752
2.12211     1.22907  0.00851178
2.14518     1.35913   0.0121279
2.16824     1.34169    0.012909
2.19131     1.21928   0.0103901
2.21438     1.05462  0.00861659
2.23744    0.878735  0.00967865
2.26051    0.752808  0.00998913
2.28358    0.750506   0.0119354
