0           0           0
0.064633           0           0
0.129266           0           0
0.193899           0           0
0.258532           0           0
0.323165           0           0
0.387798           0           0
0.452431           0           0
0.517064           0           0
0.581697           0           0
0.64633           0           0
0.710963           0           0
0.775596           0           0
0.84023           0           0
0.904863    0.212853   0.0272695
0.969496     1.37435   0.0758106
1.03413     2.36336    0.129912
1.09876     2.65604    0.091193
1.16339     2.41312   0.0994249
1.22803     2.31166   0.0970796
1.29266     1.94791   0.0888458
1.35729     1.76271   0.0709281
1.42193     1.61591    0.073359
1.48656     1.57377   0.0603102
1.55119     1.44835   0.0562205
1.61583     1.43876   0.0569473
1.68046     1.37426   0.0568967
1.74509     1.25403   0.0531442
1.80973     1.33597    0.050359
1.87436     1.33881   0.0595404
1.93899     1.35835   0.0523919
2.00362     1.42588   0.0521177
2.06826     1.45893   0.0527161
2.13289     1.38915   0.0466812
2.19752     1.40401    0.042965
2.26216     1.35759    0.044136
2.32679     1.29501   0.0361888
2.39142     1.37527   0.0437438
2.45606     1.31182   0.0393611
2.52069     1.35522    0.037663
2.58532     1.35681   0.0327532
2.64995     1.40484   0.0341362
2.71459     1.35079   0.0338089
2.77922      1.3138   0.0348435
2.84385     1.31178    0.042468
2.90849     1.31269   0.0331656
2.97312     1.28226   0.0319502
3.03775     1.30334   0.0290749
3.10239     1.36245   0.0284001
3.16702     1.37033   0.0302502
3.23165     1.35893   0.0229929
3.29629     1.32876   0.0260085
3.36092     1.29183   0.0239692
3.42555     1.29799   0.0268802
3.49018      1.2658   0.0311749
3.55482     1.25027   0.0251176
3.61945     1.23355    0.025679
3.68408     1.26138   0.0218372
3.74872     1.25218   0.0209647
3.81335     1.31439   0.0226657
3.87798      1.3486   0.0234166
3.94262     1.31699   0.0229179
4.00725     1.28994   0.0214277
4.07188      1.3154   0.0208562
4.13651     1.31948   0.0223951
4.20115     1.30658   0.0229798
4.26578     1.34937   0.0243041
4.33041     1.38047   0.0189065
4.39505     1.36291   0.0180096
4.45968     1.38775   0.0202247
4.52431     1.32193   0.0219536
4.58895     1.32636   0.0194718
4.65358     1.30242   0.0184345
4.71821      1.2983    0.018779
4.78285     1.33353     0.01783
4.84748     1.27894   0.0171822
4.91211     1.30672   0.0162055
4.97674     1.29183   0.0186967
5.04138     1.33252   0.0189666
5.10601     1.32406   0.0158621
5.17064     1.36216   0.0130007
5.23528     1.35385   0.0186534
5.29991     1.35183    0.016217
5.36454      1.3749   0.0157871
5.42918     1.34439   0.0116713
5.49381     1.38863   0.0140658
5.55844     1.36144    0.017061
5.62307     1.31274   0.0134293
5.68771      1.3173   0.0157128
5.75234     1.33399   0.0159273
5.81697     1.32282   0.0163224
5.88161     1.30908    0.014429
5.94624     1.34422   0.0174691
6.01087     1.32809    0.013981
6.07551     1.33827   0.0150111
6.14014     1.32478   0.0129606
6.20477     1.34789   0.0138475
6.2694     1.34257   0.0133996
6.33404      1.3769   0.0126536
6.39867     1.35969   0.0108566
