           1    0.057308    0.057308           0
           2   0.0582687   0.0577884 0.000480364
           3   0.0439308   0.0531692  0.00462751
           4   0.0427618   0.0505673   0.0041805
           5   0.0555476   0.0515634  0.00338793
           6   0.0517164   0.0515889  0.00276635
           7   0.0493704   0.0512719  0.00235937
           8   0.0614394   0.0525429   0.0024063
           9   0.0611296    0.053497  0.00232676
          10   0.0499639   0.0531437  0.00211089
          11   0.0448034   0.0523854  0.00205441
          12   0.0588567   0.0529247   0.0019514
          13   0.0503066   0.0527233  0.00180629
          14   0.0557281    0.052938  0.00168602
          15   0.0604071   0.0534359  0.00164669
          16   0.0494023   0.0531838  0.00156083
          17   0.0438592   0.0526353  0.00156539
          18   0.0429555   0.0520975  0.00157078
          19   0.0581181   0.0524144  0.00151922
          20   0.0590883   0.0527481  0.00147939
          21   0.0642423   0.0532954  0.00150988
          22   0.0436242   0.0528558  0.00150524
          23   0.0440708   0.0524739  0.00148816
          24   0.0457734   0.0521947   0.0014519
          25   0.0506336   0.0521322  0.00139401
          26   0.0498233   0.0520434  0.00134226
          27   0.0448844   0.0517783  0.00131853
          28   0.0568617   0.0519598  0.00128347
          29   0.0571203   0.0521378  0.00125114
          30   0.0498972   0.0520631  0.00121102
          31   0.0414925   0.0517221  0.00121993
          32   0.0423243   0.0514284  0.00121715
          33   0.0423277   0.0511527   0.0012115
          34   0.0461404   0.0510052  0.00118454
          35   0.0463158   0.0508713  0.00115797
          36   0.0543307   0.0509673  0.00112944
          37   0.0536854   0.0510408  0.00110095
          38    0.042759   0.0508229  0.00109352
          39   0.0455635    0.050688  0.00107362
          40   0.0508832   0.0506929  0.00104644
          41   0.0530117   0.0507494  0.00102217
          42   0.0403366   0.0505015  0.00102788
          43   0.0487703   0.0504613   0.0010045
          44   0.0437358   0.0503084 0.000993235
          45    0.048883   0.0502767 0.000971428
          46   0.0429849   0.0501182 0.000963209
          47   0.0574571   0.0502744  0.00095534
          48   0.0531687   0.0503347 0.000937167
          49   0.0464695   0.0502558 0.000921225
          50   0.0451849   0.0501544 0.000908293
