0           0           0
0.0256496           0           0
0.0512993           0           0
0.0769489           0           0
0.102599           0           0
0.128248           0           0
0.153898           0           0
0.179547           0           0
0.205197           0           0
0.230847           0           0
0.256496           0           0
0.282146           0           0
0.307796           0           0
0.333445           0           0
0.359095           0           0
0.384745           0           0
0.410394           0           0
0.436044           0           0
0.461694           0           0
0.487343           0           0
0.512993           0           0
0.538642           0           0
0.564292           0           0
0.589942           0           0
0.615591           0           0
0.641241           0           0
0.666891           0           0
0.69254           0           0
0.71819           0           0
0.74384           0           0
0.769489           0           0
0.795139           0           0
0.820788           0           0
0.846438           0           0
0.872088  0.00135724 0.000662688
0.897737   0.0237201  0.00269838
0.923387    0.194822  0.00814179
0.949037    0.714778   0.0150127
0.974686     1.57213   0.0313896
1.00034     2.45435   0.0322909
1.02599     3.13687   0.0392756
1.05164     3.47281   0.0412852
1.07728     3.46009   0.0333194
1.10293     3.23209   0.0326649
1.12858     2.93728   0.0336048
1.15423     2.71448   0.0314114
1.17988     2.37695   0.0282584
1.20553     2.07412   0.0277769
1.23118       1.837   0.0280621
1.25683     1.67986   0.0257465
1.28248     1.46688   0.0197917
1.30813     1.34939   0.0201128
1.33378     1.22858   0.0142231
1.35943     1.13938   0.0188801
1.38508     1.08072   0.0149129
1.41073     1.01476   0.0158753
1.43638    0.948638   0.0155674
1.46203    0.912769   0.0165124
1.48768    0.885803   0.0154242
1.51333    0.892863   0.0138819
1.53898    0.885191   0.0156879
1.56463    0.900057   0.0152307
1.59028    0.917993   0.0128721
1.61593     0.93548   0.0190215
1.64158    0.934837   0.0141227
1.66723    0.955924   0.0138816
1.69288    0.985277   0.0127939
1.71853     1.04687  0.00961678
1.74418     1.11121   0.0138139
1.76983     1.15386   0.0134239
1.79547     1.21241   0.0129691
1.82112     1.25274   0.0124502
1.84677     1.31413   0.0161765
1.87242     1.36507   0.0151727
1.89807     1.41213   0.0138134
1.92372     1.46023   0.0140033
1.94937     1.49784   0.0160474
1.97502     1.54541    0.017901
2.00067     1.60807   0.0157537
2.02632     1.60954   0.0137219
2.05197     1.61305   0.0145997
2.07762     1.62874   0.0123621
2.10327     1.61253   0.0111193
2.12892     1.58552    0.013496
2.15457     1.57735   0.0111272
2.18022     1.51563   0.0115183
2.20587     1.49922   0.0122551
2.23152     1.43206    0.011609
2.25717     1.42273   0.0138681
2.28282     1.39747   0.0142721
2.30847     1.35127   0.0131147
2.33412     1.31098   0.0106083
2.35977     1.30282  0.00988309
2.38542      1.2498   0.0092734
2.41107     1.22267   0.0109058
2.43672     1.19899    0.011793
2.46237     1.19759   0.0109055
2.48802     1.18398  0.00938982
2.51366     1.18476  0.00886306
2.53931     1.20331  0.00868746
