           1    0.748122    0.748122           0
           2     1.72501     1.23657    0.488444
           3    0.436259    0.969797     0.38819
           4     1.60254     1.12798    0.316809
           5     1.76268     1.25492    0.276287
           6     1.73159     1.33437    0.239168
           7      1.4232     1.34706    0.202532
           8      1.3708     1.35002    0.175423
           9      1.3449     1.34946    0.154709
          10     1.16954     1.33146    0.139541
          11     1.21713     1.32107    0.126647
          12     1.26484     1.31638    0.115707
          13    0.940954      1.2875    0.110283
          14     1.62062      1.3113    0.104838
          15     1.64631     1.33363    0.100122
          16     1.14705     1.32197   0.0943787
          17    0.976293     1.30164   0.0909554
          18     1.00454     1.28513   0.0873276
          19    0.959827     1.26801   0.0843594
          20    0.770721     1.24315   0.0838039
          21    0.872785     1.22551   0.0816411
          22     1.69312     1.24676   0.0806914
          23     1.48958     1.25732   0.0778228
          24     1.96855     1.28696   0.0801865
          25     1.47066      1.2943   0.0772624
          26     1.55845     1.30446   0.0749234
          27     1.12637     1.29787   0.0723962
          28     1.42978     1.30258   0.0699216
          29     1.53889     1.31073   0.0679578
          30     1.66203     1.32244   0.0666895
          31     1.21672     1.31903   0.0645925
          32    0.918879     1.30652   0.0637793
          33    0.970727     1.29635   0.0626483
          34     1.11288     1.29095   0.0610168
          35     1.01782     1.28315   0.0597595
          36    0.892389     1.27229   0.0590815
          37     1.67786     1.28325   0.0584986
          38     1.68164     1.29374   0.0578955
          39      1.6654     1.30327    0.057191
          40     1.31503     1.30356   0.0557437
          41     1.27686     1.30291    0.054371
          42     1.17355     1.29983   0.0531499
          43     1.35408     1.30109   0.0519145
          44     1.22496     1.29936   0.0507504
          45     1.58944     1.30581   0.0500269
          46     1.25687     1.30474   0.0489388
          47     1.08239     1.30001   0.0481194
          48     1.16471     1.29719   0.0471905
          49     1.44064     1.30012     0.04631
          50     1.01865     1.29449   0.0457222
