           1     7.92494     7.92494           0
           2     6.96727     7.44611    0.478837
           3     7.79732     7.56318    0.300223
           4      7.2123     7.47546    0.229699
           5     7.58265      7.4969    0.179211
           6     7.65788     7.52373    0.148765
           7     7.51729     7.52281    0.125732
           8      7.5397     7.52492    0.108908
           9     7.51321     7.52362   0.0960566
          10     7.46111     7.51737   0.0861427
          11     7.33275     7.50058   0.0797061
          12     7.51117     7.50147   0.0727667
          13      7.5952     7.50868   0.0673229
          14     7.23304     7.48899   0.0653646
          15     7.60433     7.49668    0.061335
          16     7.70977        7.51   0.0588992
          17     7.47858     7.50815    0.055357
          18     7.39881     7.50207   0.0525433
          19     7.56961     7.50563    0.049828
          20     7.28437     7.49457   0.0485483
          21     7.46893     7.49334   0.0461947
          22     7.44857     7.49131    0.044092
          23     7.79157     7.50436   0.0441076
          24     7.10239     7.48762     0.04543
          25     7.70091     7.49615   0.0444023
          26     7.52086      7.4971   0.0426709
          27      7.5347     7.49849   0.0410837
          28     7.43236     7.49613   0.0396597
          29     7.53682     7.49753   0.0382934
          30     7.68721     7.50385   0.0375313
          31     7.37814      7.4998   0.0365263
          32     7.49796     7.49974   0.0353664
          33     7.64269     7.50407   0.0345506
          34      7.3308     7.49898   0.0339042
          35     7.39015     7.49587   0.0330678
          36     7.55743     7.49758   0.0321816
          37     7.42146     7.49552   0.0313673
          38     7.49506     7.49551   0.0305307
          39     7.66741     7.49992   0.0300624
          40     7.61547      7.5028   0.0294433
          41     7.62757     7.50585    0.028877
          42     7.27793     7.50042   0.0286988
          43     7.46932      7.4997   0.0280327
          44     7.70511     7.50437   0.0277832
          45     7.02448      7.4937   0.0291775
          46     7.95778     7.50379    0.030267
          47     7.15054     7.49627   0.0305548
          48      7.6827     7.50016   0.0301626
          49     7.58437     7.50188   0.0295906
          50     7.33337     7.49851   0.0291879
