           1    -5.58673    -5.58673           0
           2    -5.40976    -5.49825   0.0884864
           3    -5.66431     -5.5536   0.0753268
           4    -5.41641    -5.51931   0.0633512
           5    -5.38744    -5.49293   0.0557099
           6    -5.41152    -5.47936   0.0474676
           7    -5.47015    -5.47805   0.0401391
           8     -5.4792    -5.47819   0.0347617
           9    -5.48639     -5.4791   0.0306705
          10    -5.51588    -5.48278   0.0276779
          11    -5.49651    -5.48403   0.0250667
          12     -5.4677    -5.48267   0.0229231
          13    -5.55645    -5.48834   0.0218366
          14     -5.4696      -5.487   0.0202611
          15      -5.435    -5.48354    0.019178
          16    -5.50366    -5.48479   0.0179834
          17    -5.54146    -5.48813   0.0172182
          18     -5.5699    -5.49267   0.0168571
          19    -5.56459    -5.49646   0.0163883
          20    -5.56225    -5.49975   0.0158916
          21    -5.57015     -5.5031   0.0154832
          22    -5.43314    -5.49992   0.0151012
          23    -5.52154    -5.50086   0.0144603
          24    -5.42179    -5.49756   0.0142313
          25    -5.48572    -5.49709   0.0136584
          26     -5.4316    -5.49457    0.013362
          27    -5.51976     -5.4955   0.0128914
          28    -5.46827    -5.49453   0.0124605
          29    -5.47709    -5.49393   0.0120382
          30    -5.45653    -5.49268   0.0116967
          31    -5.51871    -5.49352   0.0113442
          32    -5.52417    -5.49448   0.0110256
          33    -5.53886    -5.49583   0.0107705
          34    -5.51956    -5.49652   0.0104723
          35    -5.52395    -5.49731   0.0101988
          36    -5.59325    -5.49997   0.0102635
          37    -5.46366    -5.49899   0.0100304
          38    -5.45697    -5.49789  0.00982532
          39    -5.46646    -5.49708  0.00960394
          40    -5.48175     -5.4967  0.00936861
          41    -5.48142    -5.49632  0.00914484
          42    -5.51328    -5.49673  0.00893358
          43    -5.47596    -5.49624  0.00873671
          44    -5.49522    -5.49622  0.00853587
          45    -5.41403    -5.49439  0.00854159
          46    -5.47746    -5.49403  0.00836194
          47    -5.49648    -5.49408  0.00818226
          48    -5.49996     -5.4942  0.00801092
          49    -5.45266    -5.49335   0.0078914
          50    -5.55255    -5.49454  0.00782207
