           1    0.205333    0.205333           0
           2    0.200798    0.203065   0.0016035
           3    0.202183    0.202771  0.00109561
           4    0.200577    0.202223 0.000949197
           5    0.202283    0.202235 0.000759435
           6    0.194319    0.200915  0.00136047
           7    0.192843    0.199762  0.00158106
           8     0.19735    0.199461  0.00141189
           9    0.193503    0.198799  0.00140161
          10    0.194849    0.198404  0.00131592
          11     0.19632    0.198214  0.00120986
          12    0.202471    0.198569  0.00115987
          13    0.199313    0.198626  0.00107206
          14    0.191455    0.198114  0.00111115
          15    0.198519    0.198141   0.0010374
          16    0.202336    0.198403  0.00100515
          17    0.200833    0.198546 0.000956138
          18    0.198613     0.19855 0.000903026
          19    0.199393    0.198594 0.000856588
          20    0.199206    0.198625 0.000814305
           1    0.205127    0.205127           0
           2    0.200385    0.202756  0.00167657
           3    0.208077     0.20453  0.00182927
           4    0.203846    0.204359  0.00137991
           5    0.204273    0.204342  0.00110403
           6    0.204897    0.204434 0.000923897
           7    0.204202    0.204401 0.000792505
           8     0.20109    0.203987 0.000794192
           9    0.203052    0.203883 0.000712719
          10    0.210056    0.204501  0.00086855
          11    0.203305    0.204392 0.000796359
          12    0.208387    0.204725  0.00079655
          13    0.206358    0.204851 0.000745119
          14    0.207904    0.205069 0.000723118
          15    0.209219    0.205345  0.00072592
          16    0.208099    0.205517 0.000700654
          17    0.209381    0.205745 0.000695314
          18    0.205277    0.205719 0.000657171
          19    0.205462    0.205705 0.000622722
          20    0.198409     0.20534 0.000690227
           1    0.215432    0.215432           0
           2    0.216641    0.216036 0.000427553
           3    0.212486    0.214853  0.00100734
           4    0.217553    0.215528 0.000955228
           5    0.210352    0.214493  0.00120054
           6    0.212734      0.2142  0.00103562
           7    0.208873    0.213439  0.00113323
           8    0.212036    0.213263  0.00100505
           9    0.211267    0.213042 0.000917533
          10    0.213052    0.213043  0.00082578
          11    0.209755    0.212744 0.000802984
          12    0.210323    0.212542 0.000760987
          13    0.213013    0.212578 0.000703311
          14    0.213822    0.212667 0.000658665
          15    0.209651    0.212466  0.00064471
          16    0.213206    0.212512 0.000606072
          17    0.210618    0.212401  0.00058057
          18    0.214865    0.212538 0.000564225
          19    0.212426    0.212532 0.000534559
          20    0.216867    0.212749 0.000550028
           1    0.220889    0.220889           0
           2    0.223285    0.222087 0.000847053
           3    0.225248    0.223141  0.00102919
           4    0.218115    0.221884  0.00133402
           5    0.221448    0.221797  0.00107006
           6    0.224776    0.222294  0.00100031
           7    0.223112    0.222411 0.000864218
           8      0.2237    0.222572 0.000771066
           9      0.2172    0.221975 0.000886807
          10    0.219072    0.221685 0.000844313
          11    0.217892     0.22134    0.000835
          12    0.223432    0.221514 0.000783416
          13     0.21634    0.221116 0.000818031
          14    0.220972    0.221106 0.000759664
          15    0.218793    0.220952 0.000724503
          16    0.215752    0.220627 0.000748556
          17    0.224681    0.220865 0.000741535
          18    0.229815    0.221362 0.000850869
          19    0.222562    0.221426 0.000808425
          20    0.221692    0.221439 0.000768114
           1    0.229776    0.229776           0
           2     0.23947    0.234623  0.00342724
           3    0.235472    0.234906  0.00229649
           4    0.236287    0.235251  0.00174811
           5    0.229804    0.234162  0.00170455
           6    0.232831     0.23394  0.00143481
           7    0.231842     0.23364  0.00126077
           8    0.223584    0.232383  0.00161233
           9    0.234896    0.232662  0.00145715
          10    0.222596    0.231656  0.00162228
          11    0.233163    0.231793  0.00148057
          12     0.23023    0.231662   0.0013629
          13    0.224296    0.231096  0.00137083
          14    0.234781    0.231359  0.00129794
          15    0.231119    0.231343  0.00121151
          16    0.229435    0.231224  0.00114164
          17    0.233143    0.231337  0.00108005
          18    0.231551    0.231349  0.00102012
          19    0.233795    0.231477 0.000974514
          20    0.231982    0.231503 0.000926115
           1    0.243226    0.243226           0
           2    0.233237    0.238232  0.00353163
           3    0.237386     0.23795  0.00236564
           4    0.241524    0.238843  0.00193563
           5     0.24801    0.240677  0.00225542
           6    0.242621    0.241001  0.00190264
           7    0.244574    0.241511  0.00169795
           8    0.243401    0.241747  0.00150205
           9    0.251912    0.242877  0.00170774
          10     0.23732    0.242321  0.00162486
          11    0.239439    0.242059  0.00149812
          12    0.241253    0.241992  0.00137478
          13    0.235092    0.241461  0.00136767
          14    0.242169    0.241512  0.00127091
          15    0.242008    0.241545  0.00118661
          16    0.237618    0.241299  0.00113755
          17    0.237916      0.2411  0.00108791
          18    0.240028    0.241041   0.0010291
          19    0.237816    0.240871  0.00098883
          20    0.238593    0.240757 0.000945924
           1     0.24985     0.24985           0
           2    0.253331    0.251591   0.0012307
           3    0.251211    0.251464 0.000826948
           4     0.24578    0.250043  0.00137815
           5    0.248832    0.249801  0.00112359
           6    0.251312    0.250053 0.000964145
           7    0.249024    0.249906  0.00083753
           8    0.250563    0.249988 0.000736859
           9    0.244068     0.24933 0.000902038
          10    0.254586    0.249856 0.000952723
          11    0.250415    0.249907 0.000867468
          12    0.251476    0.250038 0.000804975
          13    0.250415    0.250067 0.000743578
          14    0.245835    0.249764 0.000749383
          15    0.256737    0.250229 0.000831182
          16    0.251032    0.250279 0.000780748
          17    0.246823    0.250076  0.00076083
          18    0.251674    0.250165 0.000723724
          19    0.251876    0.250255 0.000691217
          20    0.242537    0.249869 0.000756738
           1    0.274912    0.274912           0
           2    0.262446    0.268679  0.00440731
           3    0.257622    0.264993  0.00420582
           4    0.268865    0.265961  0.00326382
           5    0.261986    0.265166  0.00270614
           6    0.262359    0.264698  0.00229519
           7    0.259617    0.263973  0.00207895
           8    0.261773    0.263698  0.00183717
           9    0.254692    0.262697  0.00188595
          10    0.254937    0.261921  0.00185011
          11    0.261183    0.261854  0.00168313
          12    0.264798    0.262099  0.00156065
          13    0.269501    0.262669  0.00154097
          14    0.260399    0.262506  0.00143941
          15    0.257545    0.262176  0.00138092
          16    0.253467    0.261631  0.00139776
          17    0.263327    0.261731   0.0013191
          18    0.257636    0.261504  0.00126529
          19    0.266539    0.261769  0.00122614
          20    0.261401     0.26175  0.00116497
           1    0.268273    0.268273           0
           2    0.268551    0.268412 9.84644e-05
           3    0.273746     0.27019  0.00145312
           4     0.27492    0.271372  0.00149551
           5    0.280187    0.273135  0.00197931
           6    0.276214    0.273649  0.00171465
           7    0.269886    0.273111  0.00155169
           8    0.272185    0.272995  0.00136203
           9    0.268314    0.272475  0.00130624
          10    0.270755    0.272303   0.0011869
          11    0.266766      0.2718  0.00118093
          12    0.273428    0.271935  0.00109029
          13    0.265172    0.271415  0.00112371
          14    0.276156    0.271754  0.00109327
          15    0.270098    0.271643  0.00102595
          16    0.272482    0.271696 0.000963164
          17    0.271914    0.271709 0.000906593
          18    0.276447    0.271972 0.000893629
          19    0.270979     0.27192 0.000848123
          20    0.272009    0.271924 0.000805729
           1    0.283401    0.283401           0
           2    0.288402    0.285902  0.00176814
           3    0.286245    0.286016  0.00118246
           4    0.286793     0.28621  0.00090264
           5    0.288107     0.28659 0.000797868
           6     0.28477    0.286286 0.000720242
           7    0.285514    0.286176  0.00062575
           8    0.285033    0.286033 0.000563602
           9    0.281579    0.285538 0.000684594
          10     0.28809    0.285793 0.000661978
          11    0.277621     0.28505 0.000929478
          12    0.281562     0.28476 0.000896341
          13    0.285764    0.284837 0.000830716
          14    0.288516      0.2851 0.000811878
          15    0.281535    0.284862 0.000791769
          16    0.285845    0.284924 0.000744665
          17    0.285031     0.28493 0.000700888
          18    0.285551    0.284964 0.000662799
          19    0.291021    0.285283 0.000700379
          20    0.281936    0.285116 0.000685066
           1    0.298565    0.298565           0
           2    0.292366    0.295466  0.00219183
           3    0.302509    0.297813  0.00241033
           4    0.292383    0.296456   0.0021564
           5    0.293205    0.295806  0.00182051
           6    0.299036    0.296344  0.00159473
           7    0.300898    0.296995  0.00149371
           8    0.289873    0.296104  0.00154974
           9    0.297705    0.296282  0.00138771
          10    0.303532    0.297007  0.00142582
          11    0.287803     0.29617  0.00152203
          12     0.30221    0.296674  0.00147606
          13    0.300088    0.296936  0.00138569
          14    0.294501    0.296762  0.00129759
          15     0.29288    0.296504  0.00123662
          16    0.289606    0.296073  0.00123218
          17    0.291235    0.295788   0.0011921
          18    0.295341    0.295763  0.00112613
          19    0.303654    0.296178  0.00114088
          20    0.295278    0.296133  0.00108472
           1    0.307214    0.307214           0
           2    0.302577    0.304895  0.00163925
           3    0.306657    0.305482  0.00119338
           4    0.299159    0.303902  0.00163572
           5    0.300552    0.303232  0.00143924
           6    0.308476    0.304106  0.00144057
           7    0.308358    0.304713  0.00135683
           8     0.30861      0.3052  0.00127166
           9    0.313108    0.306079  0.00140138
          10    0.320927    0.307564  0.00189074
          11    0.303292    0.307175  0.00175829
          12    0.308105    0.307253  0.00161347
          13    0.313179    0.307709  0.00155241
          14    0.323263     0.30882  0.00179559
          15    0.313112    0.309106  0.00169854
          16      0.3125    0.309318  0.00160557
          17    0.303078    0.308951  0.00155252
          18    0.305954    0.308784  0.00147517
          19    0.302491    0.308453  0.00143423
          20    0.302987     0.30818  0.00138832
           1    0.331699    0.331699           0
           2    0.326972    0.329335  0.00167128
           3     0.32487    0.327847  0.00164881
           4    0.327688    0.327807  0.00123709
           5    0.313235    0.324893  0.00278825
           6    0.321526    0.324332  0.00237932
           7     0.31902    0.323573  0.00215704
           8    0.340622    0.325704  0.00274525
           9    0.328235    0.325985  0.00245459
          10    0.323576    0.325744  0.00222092
          11    0.328465    0.325992  0.00203274
          12    0.336644    0.326879  0.00204801
          13    0.321425     0.32646  0.00193296
          14    0.324938    0.326351  0.00179795
          15    0.319045    0.325864  0.00174281
          16    0.322152    0.325632  0.00164926
          17    0.320991    0.325359  0.00157468
          18    0.331172    0.325682  0.00151995
          19    0.308269    0.324766  0.00169386
          20      0.3168    0.324367  0.00165533
           1    0.335662    0.335662           0
           2    0.332522    0.334092  0.00111001
           3    0.329997    0.332727  0.00133771
           4     0.34194     0.33503  0.00223284
           5    0.340308    0.336086  0.00202046
           6     0.33506    0.335915  0.00169094
           7    0.336804    0.336042  0.00145413
           8    0.334427     0.33584  0.00128631
           9    0.330354     0.33523  0.00127968
          10    0.337287    0.335436  0.00116812
          11    0.352665    0.337002  0.00183247
          12     0.33573    0.336896  0.00168283
          13    0.343216    0.337382  0.00162208
          14    0.317971    0.335996  0.00201344
          15    0.331887    0.335722  0.00189775
          16    0.345047    0.336305  0.00186649
          17    0.332637    0.336089  0.00176912
          18    0.340692    0.336345  0.00168922
          19    0.341549    0.336619  0.00162236
          20    0.334816    0.336529  0.00154375
           1    0.351218    0.351218           0
           2     0.35362    0.352419 0.000849248
           3    0.357048    0.353962  0.00138137
           4    0.346891    0.352194  0.00184851
           5     0.34177    0.350109     0.00238
           6    0.355092     0.35094  0.00212329
           7     0.34865    0.350613    0.001845
           8    0.353395    0.350961  0.00164683
           9     0.33917    0.349651   0.0019153
          10    0.336717    0.348357  0.00211586
          11    0.338022    0.347418  0.00212187
          12    0.352412    0.347834  0.00198545
          13    0.357526    0.348579  0.00196773
          14    0.345433    0.348355  0.00183996
          15     0.36268     0.34931  0.00194945
          16    0.353264    0.349557  0.00184321
          17     0.34129    0.349071  0.00179779
          18    0.346954    0.348953  0.00170175
          19    0.346515    0.348825  0.00161702
          20    0.343624    0.348565  0.00155694
           1    0.359288    0.359288           0
           2    0.357654    0.358471 0.000577773
           3    0.384537     0.36716  0.00710475
           4    0.365428    0.366727  0.00534173
           5    0.374417    0.368265  0.00448934
           6     0.36885    0.368362  0.00374217
           7    0.363502    0.367668  0.00327135
           8    0.371165    0.368105  0.00289149
           9    0.362985    0.367536  0.00262559
          10    0.350643    0.365847  0.00285524
          11    0.353218    0.364699  0.00281705
          12    0.364084    0.364647  0.00258276
          13    0.356699    0.364036   0.0024554
          14    0.371306    0.364555  0.00233427
          15    0.351204    0.363665  0.00234221
          16    0.366921    0.363869  0.00220464
          17    0.351231    0.363125  0.00219671
          18    0.368562    0.363427  0.00209534
          19    0.371434    0.363849  0.00202699
          20    0.365821    0.363947  0.00192804
           1    0.387955    0.387955           0
           2    0.377816    0.382885   0.0035847
           3    0.381885    0.382552  0.00240527
           4    0.372647    0.380076  0.00280227
           5    0.369071    0.377875  0.00298351
           6    0.370897    0.376712  0.00270339
           7    0.387589    0.378266  0.00272748
           8    0.377745    0.378201  0.00238732
           9    0.381908    0.378612  0.00215731
          10    0.371429    0.377894  0.00205772
          11    0.372426    0.377397  0.00192976
          12    0.381377    0.377729  0.00179722
          13    0.382697    0.378111  0.00169912
          14    0.361501    0.376924  0.00194842
          15     0.36798    0.376328  0.00190759
          16    0.374997    0.376245  0.00179018
          17    0.397644    0.377504  0.00208089
          18    0.379782     0.37763  0.00196913
          19    0.401242    0.378873  0.00222331
          20    0.377563    0.378808  0.00211311
           1    0.389709    0.389709           0
           2     0.38148    0.385594  0.00290935
           3    0.387696    0.386295   0.0020222
           4    0.387286    0.386543  0.00153176
           5    0.376835    0.384601  0.00212542
           6    0.400639    0.387274  0.00301515
           7    0.403591    0.389605  0.00336694
           8    0.392083    0.389915  0.00296028
           9    0.401502    0.391202  0.00289781
          10    0.402905    0.392373  0.00283452
          11     0.38598    0.391791  0.00263574
          12    0.389035    0.391562  0.00242608
          13    0.400963    0.392285  0.00234478
          14    0.406498      0.3933  0.00238696
          15    0.385803      0.3928  0.00227956
          16    0.400519    0.393283  0.00218755
          17    0.395523    0.393415  0.00206283
          18    0.375131    0.392399  0.00218405
          19    0.391205    0.392336  0.00207001
          20    0.421384    0.393788  0.00242303
           1    0.418986    0.418986           0
           2     0.37827    0.398628   0.0143954
           3    0.397452    0.398236  0.00960229
           4     0.40841     0.40078  0.00753103
           5    0.405975    0.401819  0.00609608
           6    0.390249     0.39989   0.0053764
           7    0.426903    0.403749  0.00583103
           8    0.389407    0.401957  0.00537068
           9    0.406137    0.402421  0.00479398
          10    0.408183    0.402997  0.00434907
          11    0.402995    0.402997   0.0039537
          12    0.420276    0.404437  0.00387757
          13    0.401571    0.404216  0.00358556
          14    0.404933    0.404268  0.00332981
          15    0.418771    0.405235  0.00324517
          16    0.397386    0.404744   0.0030792
          17     0.41237    0.405193  0.00293056
          18    0.415078    0.405742  0.00281874
          19    0.403346    0.405616  0.00267321
          20    0.394795    0.405075  0.00259371
           1    0.440686    0.440686           0
           2    0.426806    0.433746  0.00490717
           3    0.420559     0.42935  0.00485639
           4    0.425336    0.428347  0.00374454
           5    0.434714     0.42962  0.00320487
           6    0.440799    0.431483  0.00316631
           7    0.438739     0.43252  0.00287865
           8     0.40212     0.42872  0.00435651
           9     0.42297    0.428081  0.00391901
          10    0.417619    0.427035  0.00366411
          11    0.439404    0.428159  0.00349931
          12    0.449186    0.429912  0.00361991
          13    0.441131    0.430775   0.0034428
          14    0.420991    0.430076  0.00326705
          15    0.422157    0.429548  0.00309161
          16    0.441108     0.43027  0.00298161
          17     0.43089    0.430307  0.00280644
          18    0.426582      0.4301  0.00265815
          19    0.418338    0.429481  0.00258933
          20    0.411239    0.428569  0.00261558
           1    0.424018    0.424018           0
           2    0.429018    0.426518  0.00176791
           3    0.420646    0.424561  0.00198565
           4    0.439464    0.428287  0.00355381
           5    0.422184    0.427066  0.00304541
           6    0.439607    0.429156  0.00317514
           7    0.421525    0.428066  0.00290266
           8    0.443467    0.429991  0.00311346
           9    0.427734    0.429741   0.0027776
          10    0.439363    0.430703   0.0026613
          11    0.428934    0.430542  0.00242422
          12    0.442643     0.43155  0.00242287
          13    0.442862    0.432421  0.00238764
          14    0.449308    0.433627  0.00250331
          15    0.437306    0.433872   0.0023484
          16    0.454043    0.435133  0.00251736
          17    0.415484    0.433977  0.00262122
          18    0.442375    0.434443  0.00251677
          19    0.432211    0.434326  0.00238705
          20    0.436923    0.434456  0.00227123
           1     0.47087     0.47087           0
           2    0.466755    0.468813  0.00145497
           3    0.446166    0.461264  0.00623957
           4    0.445608     0.45735  0.00577829
           5    0.467267    0.459333  0.00495138
           6    0.484339    0.463501  0.00561239
           7    0.452847    0.461979  0.00501275
           8    0.460695    0.461818  0.00438872
           9    0.480413    0.463884  0.00436039
          10     0.44248    0.461744  0.00441859
          11    0.461207    0.461695  0.00401717
          12    0.457621    0.461356  0.00369673
          13    0.446825    0.460238  0.00357735
          14    0.459196    0.460163  0.00332259
          15    0.420762    0.457537  0.00400708
          16    0.474331    0.458586  0.00389168
          17    0.459221    0.458624  0.00366294
          18    0.453267    0.458326  0.00347151
          19    0.468841    0.458879  0.00333262
          20    0.433488     0.45761  0.00339922
           1    0.471098    0.471098           0
           2    0.487722     0.47941  0.00587725
           3      0.4951     0.48464  0.00579547
           4     0.48971    0.485908  0.00448303
           5    0.423982    0.473522   0.0116436
           6    0.475322    0.473822   0.0097069
           7    0.485708     0.47552   0.0084674
           8    0.463999     0.47408  0.00753045
           9    0.499864    0.476945  0.00721814
          10    0.499908    0.479241  0.00685186
          11    0.473949     0.47876  0.00624584
          12    0.497487    0.480321  0.00591711
          13     0.47437    0.479863  0.00547962
          14    0.450684    0.477779  0.00547026
          15    0.497723    0.479108  0.00526468
          16    0.480681    0.479207  0.00493656
          17    0.445487    0.477223  0.00502889
          18    0.470305    0.476839  0.00476417
          19     0.46289    0.476105  0.00456964
          20    0.453983    0.474999  0.00447302
           1    0.486232    0.486232           0
           2    0.520577    0.503404   0.0121428
           3    0.482451     0.49642   0.0099021
           4    0.463336    0.488149   0.0103181
           5    0.494831    0.489485  0.00834056
           6    0.443284    0.481785   0.0098854
           7    0.502975    0.484812  0.00892464
           8    0.482023    0.484464  0.00781587
           9    0.476758    0.483607  0.00699417
          10    0.484774    0.483724  0.00629573
          11    0.455253    0.481136  0.00623275
          12    0.506097    0.483216   0.0060505
          13    0.466127    0.481901  0.00572609
          14    0.485612    0.482166  0.00532321
          15    0.478821    0.481943    0.004973
          16    0.463084    0.480765  0.00479985
          17    0.464209    0.479791  0.00461524
          18    0.465822    0.479015   0.0044236
          19    0.441005    0.477014  0.00462104
          20    0.488351    0.477581  0.00442462
           1    0.479214    0.479214           0
           2    0.452703    0.465959  0.00937315
           3    0.550912    0.494276   0.0239509
           4    0.464548    0.486844   0.0190814
           5    0.517116    0.492899   0.0161972
           6    0.539282    0.500629   0.0152311
           7    0.494074    0.499693    0.013084
           8    0.485217    0.497883    0.011573
           9    0.545654    0.503191   0.0114397
          10     0.54589    0.507461    0.011064
          11    0.489471    0.505826   0.0101783
          12    0.460608    0.502057   0.0100033
          13     0.49827    0.501766  0.00923808
          14    0.532626     0.50397  0.00883728
          15    0.467884    0.501565  0.00856933
          16    0.520685     0.50276  0.00811664
          17    0.489653    0.501989  0.00767572
          18    0.499756    0.501865  0.00725029
          19    0.503714    0.501962  0.00686935
          20    0.472148    0.500471  0.00668567
           1    0.497466    0.497466           0
           2    0.506025    0.501745  0.00302626
           3    0.493291    0.498927  0.00306024
           4    0.454538     0.48783   0.0098809
           5    0.494973    0.489258  0.00800734
           6    0.508769     0.49251  0.00730328
           7    0.468847     0.48913  0.00699871
           8    0.513176    0.492136  0.00673848
           9    0.522861     0.49555  0.00679978
          10    0.535483    0.499543  0.00719751
          11    0.520041    0.501406  0.00678012
          12    0.518276    0.502812  0.00635918
          13    0.562125    0.507375  0.00732617
          14    0.534525    0.509314  0.00705489
          15    0.519474    0.509991    0.006617
          16    0.518221    0.510506   0.0062234
          17    0.488143     0.50919  0.00599473
          18    0.500661    0.508716  0.00568038
          19    0.538467    0.510282  0.00559307
          20    0.485759    0.509056  0.00544616
           1    0.535617    0.535617           0
           2    0.531078    0.533347  0.00160489
           3    0.539181    0.535292  0.00191457
           4    0.557438    0.540828  0.00500516
           5    0.520479    0.536758  0.00541151
           6    0.504524    0.531386  0.00666248
           7    0.533712    0.531718  0.00571898
           8     0.52081    0.530355  0.00516411
           9    0.495531    0.526485  0.00586338
          10    0.513766    0.525213  0.00541325
          11    0.551442    0.527598   0.0054209
          12    0.510363    0.526162   0.0051559
          13    0.507735    0.524744  0.00495031
          14     0.51882    0.524321  0.00461476
          15    0.484913    0.521694  0.00499931
          16    0.510217    0.520977  0.00473803
          17    0.524285    0.521171  0.00446332
          18    0.558325    0.523235   0.0046683
          19    0.493655    0.521678  0.00467499
          20    0.566186    0.523904  0.00494261
           1    0.489132    0.489132           0
           2    0.532349     0.51074   0.0152796
           3    0.484303    0.501928   0.0124714
           4    0.494847    0.500158  0.00947835
           5    0.532351    0.506596  0.00952165
           6    0.482672    0.502609  0.00872978
           7    0.567917    0.511939    0.011428
           8    0.495755    0.509916    0.010177
           9    0.542068    0.513488  0.00965286
          10    0.502942    0.512434  0.00874499
          11    0.511662    0.512363  0.00795027
          12    0.503369    0.511614    0.007323
          13    0.512687    0.511696  0.00676016
          14    0.519301     0.51224  0.00629907
          15    0.458006    0.508624  0.00683851
          16    0.474052    0.506463  0.00674383
          17    0.535944    0.508197  0.00656632
          18    0.541661    0.510056  0.00645933
          19     0.50698    0.509895   0.0061214
          20     0.49075    0.508937  0.00588969
           1     0.45544     0.45544           0
           2    0.510107    0.482774   0.0193275
           3    0.448298    0.471282   0.0159394
           4    0.446156       0.465   0.0131341
           5    0.451411    0.462283   0.0107848
           6    0.466607    0.463003  0.00901139
           7    0.504623    0.468949  0.00948479
           8    0.459946    0.467824  0.00836568
           9    0.450322    0.465879  0.00765885
          10    0.534421    0.472733  0.00947605
          11    0.467205    0.472231  0.00862791
          12    0.455557    0.470841  0.00802002
          13    0.388098    0.464476  0.00960212
          14    0.512588    0.467913  0.00951135
          15    0.402798    0.463572  0.00981802
          16    0.515984    0.466848  0.00973555
          17    0.504417    0.469058  0.00941035
          18    0.485896    0.469993  0.00893393
          19     0.49233    0.471169  0.00854072
          20    0.502117    0.472716  0.00825268
           1    0.315287    0.315287           0
           2    0.432823    0.374055   0.0415552
           3    0.258617    0.335576   0.0418878
           4    0.297484    0.326053   0.0324803
           5    0.354253    0.331693   0.0264694
           6    0.345052    0.333919   0.0221513
           7    0.362309    0.337975   0.0193545
           8    0.358981    0.340601   0.0171124
           9     0.41189    0.348522   0.0169454
          10    0.444528    0.358122   0.0177635
          11    0.303027    0.353114     0.01684
          12    0.389935    0.356182   0.0157137
          13    0.381655    0.358142   0.0146266
          14    0.437857    0.363836   0.0146483
          15    0.512996     0.37378   0.0167095
          16     0.40293    0.375602   0.0157642
          17    0.302125    0.371279    0.015418
          18    0.517815     0.37942   0.0165719
          19     0.41438     0.38126   0.0158015
          20    0.237332    0.374064   0.0165693
           1    0.137073    0.137073           0
           2    0.133761    0.135417   0.0011709
           3    0.390794    0.220543   0.0695092
           4    0.277671    0.234825   0.0535791
           5    0.289865    0.245833   0.0439795
           6    0.181107    0.235045   0.0379496
           7    0.306619     0.24527   0.0338777
           8     0.25971    0.247075    0.029691
           9    0.400657     0.26414   0.0309093
          10    0.224357    0.260161   0.0280732
          11    0.247512    0.259012   0.0255447
          12    0.299662    0.262399   0.0236395
          13    0.247385    0.261244   0.0218493
          14    0.173294    0.254962   0.0211725
          15    0.104977    0.244963   0.0219957
          16    0.182335    0.241049   0.0209664
          17    0.376474    0.249015   0.0211925
          18    0.113012    0.241459   0.0213195
          19    0.249629    0.241889   0.0202018
          20    0.213744    0.240482   0.0192406
