           1    -0.46328    -0.46328           0
           2   -0.462865   -0.463073 0.000146626
           3   -0.460459   -0.462202 0.000718017
           4   -0.458983   -0.461397 0.000880684
           5   -0.461739   -0.461465 0.000707195
           6   -0.465284   -0.462102 0.000827618
           7   -0.463397   -0.462287 0.000729772
           8   -0.463143   -0.462394 0.000646345
           9   -0.463917   -0.462563 0.000596265
          10   -0.464985   -0.462805 0.000583758
          11   -0.461213    -0.46266 0.000548338
          12   -0.463276   -0.462712  0.00050504
          13   -0.461487   -0.462617 0.000474902
          14   -0.463225   -0.462661 0.000442959
          15   -0.463553    -0.46272 0.000417399
          16   -0.462351   -0.462697 0.000391948
          17   -0.463224   -0.462728 0.000370114
          18   -0.463339   -0.462762 0.000351104
          19   -0.464372   -0.462847 0.000342692
          20   -0.459797   -0.462694 0.000357874
           1    -0.47137    -0.47137           0
           2   -0.472381   -0.471876 0.000357513
           3   -0.475199   -0.472983 0.000935358
           4   -0.474331    -0.47332 0.000759773
           5   -0.474374   -0.473531 0.000636389
           6    -0.47546   -0.473853 0.000606137
           7   -0.471439   -0.473508 0.000609783
           8   -0.472089    -0.47333 0.000558754
           9    -0.47202   -0.473185 0.000515277
          10   -0.471579   -0.473024 0.000488139
          11    -0.47353    -0.47307 0.000445924
          12   -0.475392   -0.473264 0.000448769
          13   -0.472809   -0.473229 0.000415609
          14     -0.4719   -0.473134 0.000396608
          15   -0.473685   -0.473171 0.000371868
          16   -0.472013   -0.473098 0.000355592
          17   -0.472035   -0.473036 0.000340134
          18   -0.474478   -0.473116 0.000330541
          19   -0.473548   -0.473139 0.000313924
          20   -0.470199   -0.472992 0.000330852
           1    -0.48298    -0.48298           0
           2   -0.483816   -0.483398 0.000295571
           3   -0.485762   -0.484186 0.000673105
           4   -0.480705   -0.483316 0.000907082
           5   -0.483321   -0.483317 0.000725666
           6   -0.484365   -0.483491 0.000625385
           7    -0.48408   -0.483575 0.000541678
           8   -0.482589   -0.483452  0.00048781
           9   -0.482344   -0.483329 0.000448875
          10   -0.485156   -0.483512 0.000439592
          11   -0.483495    -0.48351 0.000399631
          12    -0.48405   -0.483555 0.000368849
          13   -0.481136   -0.483369  0.00038457
          14   -0.482722   -0.483323 0.000359871
          15   -0.484486     -0.4834 0.000344134
          16   -0.482401   -0.483338 0.000328246
          17   -0.486308   -0.483513 0.000352386
          18   -0.483206   -0.483496  0.00033322
          19   -0.481216   -0.483376 0.000336594
          20   -0.482622   -0.483338 0.000321869
           1   -0.496344   -0.496344           0
           2   -0.496775    -0.49656 0.000152396
           3   -0.492238   -0.495119  0.00118061
           4   -0.494552   -0.494977 0.000893942
           5   -0.496632   -0.495308 0.000774006
           6   -0.492246   -0.494798 0.000795695
           7    -0.48939   -0.494025 0.000988277
           8   -0.497603   -0.494473 0.000960608
           9   -0.495894   -0.494631 0.000866766
          10   -0.492273   -0.494395 0.000811527
          11   -0.493283   -0.494294 0.000744023
          12   -0.495638   -0.494406 0.000690409
          13   -0.490418   -0.494099 0.000702147
          14    -0.49478   -0.494148 0.000653678
          15   -0.495116   -0.494212  0.00061328
          16   -0.494312   -0.494218 0.000574981
          17   -0.493681   -0.494187 0.000542026
          18   -0.495512   -0.494261 0.000516888
          19   -0.496465   -0.494377 0.000502542
          20   -0.494049    -0.49436 0.000477682
           1   -0.505953   -0.505953           0
           2   -0.506216   -0.506084 9.28855e-05
           3   -0.506357   -0.506175 9.65802e-05
           4   -0.504382   -0.505727 0.000394865
           5   -0.505487   -0.505679 0.000318788
           6   -0.502225   -0.505103  0.00058885
           7   -0.508094   -0.505531 0.000641227
           8   -0.503475   -0.505274 0.000610395
           9   -0.507012   -0.505467 0.000572323
          10   -0.505626   -0.505483 0.000515313
          11   -0.505565    -0.50549 0.000468521
          12    -0.50457   -0.505414 0.000435704
          13   -0.507025   -0.505537 0.000419446
          14    -0.50685   -0.505631 0.000399828
          15   -0.509396   -0.505882 0.000445036
          16    -0.50445   -0.505793 0.000426132
          17   -0.505515   -0.505776 0.000401378
          18   -0.505384   -0.505755 0.000379671
          19     -0.5059   -0.505762 0.000359766
          20   -0.507126    -0.50583 0.000348179
           1   -0.519686   -0.519686           0
           2   -0.520906   -0.520296 0.000431137
           3   -0.517359   -0.519317 0.000849311
           4   -0.514303   -0.518064  0.00125861
           5   -0.518987   -0.518248  0.00102034
           6   -0.518211   -0.518242 0.000850305
           7   -0.516087   -0.517934 0.000782574
           8   -0.516703    -0.51778 0.000699713
           9   -0.515879   -0.517569 0.000653068
          10   -0.519676    -0.51778 0.000620818
          11    -0.51514    -0.51754 0.000608998
          12   -0.517066     -0.5175  0.00055953
          13   -0.517863   -0.517528 0.000517183
          14    -0.51885   -0.517623 0.000488787
          15   -0.517656   -0.517625 0.000456207
          16   -0.516313   -0.517543    0.000435
          17   -0.518357   -0.517591 0.000412037
          18    -0.51836   -0.517633 0.000391357
          19   -0.514375   -0.517462 0.000406613
          20   -0.518878   -0.517533 0.000392396
           1   -0.530173   -0.530173           0
           2   -0.530753   -0.530463 0.000204891
           3     -0.5303   -0.530409 0.000143567
           4   -0.531443   -0.530667 0.000248552
           5    -0.53097   -0.530728 0.000206077
           6   -0.528582    -0.53037 0.000368925
           7   -0.530204   -0.530346 0.000316988
           8   -0.531768   -0.530524 0.000323346
           9   -0.535287   -0.531053 0.000575831
          10   -0.529035   -0.530852 0.000552473
          11   -0.531248   -0.530888 0.000503421
          12   -0.528504   -0.530689 0.000499123
          13   -0.534512   -0.530983 0.000540452
          14   -0.527434   -0.530729 0.000558141
          15    -0.53032   -0.530702 0.000521598
          16   -0.531411   -0.530746 0.000490877
          17   -0.528328   -0.530604 0.000482171
          18   -0.530922   -0.530622 0.000455707
          19   -0.526534   -0.530407 0.000479821
          20   -0.532199   -0.530496 0.000464126
           1   -0.541629   -0.541629           0
           2   -0.540314   -0.540972 0.000465107
           3   -0.541327    -0.54109 0.000324837
           4   -0.542515   -0.541446 0.000393077
           5   -0.542647   -0.541687 0.000380835
           6   -0.542793   -0.541871 0.000359271
           7   -0.535178   -0.540915 0.000937244
           8   -0.542203   -0.541076 0.000833802
           9   -0.539643   -0.540917 0.000756197
          10   -0.539929   -0.540818 0.000687004
          11   -0.544804    -0.54118 0.000713762
          12   -0.542124   -0.541259 0.000658596
          13   -0.542072   -0.541322 0.000610894
          14   -0.543619   -0.541486 0.000588897
          15   -0.541712   -0.541501  0.00054983
          16    -0.54378   -0.541643 0.000533607
          17   -0.537994   -0.541429 0.000543688
          18   -0.545075   -0.541631 0.000549925
          19   -0.545132   -0.541815 0.000550985
          20   -0.544729   -0.541961 0.000542352
           1   -0.555768   -0.555768           0
           2    -0.55704   -0.556404  0.00044955
           3   -0.557839   -0.556882 0.000492305
           4    -0.55687   -0.556879 0.000369237
           5   -0.552682    -0.55604 0.000806842
           6   -0.558908   -0.556518 0.000801554
           7   -0.553759   -0.556124 0.000777948
           8   -0.553956   -0.555853  0.00072634
           9   -0.556137   -0.555884 0.000646323
          10   -0.555742    -0.55587 0.000581847
          11   -0.552351    -0.55555 0.000610591
          12   -0.559411   -0.555872 0.000638864
          13   -0.558233   -0.556054  0.00061499
          14   -0.555926   -0.556044 0.000571129
          15   -0.556453   -0.556072 0.000533702
          16   -0.552924   -0.555875 0.000535385
          17   -0.557843   -0.555991 0.000516256
          18   -0.555275   -0.555951 0.000489102
          19   -0.556699    -0.55599 0.000464943
          20   -0.554743   -0.555928 0.000445857
           1   -0.571416   -0.571416           0
           2    -0.57051   -0.570963 0.000320517
           3   -0.570333   -0.570753 0.000273913
           4   -0.569454   -0.570428 0.000348378
           5   -0.571302   -0.570603 0.000319552
           6   -0.568336   -0.570225 0.000435811
           7   -0.566993   -0.569763 0.000567718
           8    -0.57137   -0.569964 0.000531102
           9   -0.572086     -0.5702 0.000521791
          10   -0.573652   -0.570545 0.000572537
          11   -0.571732   -0.570653 0.000530559
          12   -0.571848   -0.570753 0.000495599
          13     -0.5691   -0.570626 0.000473504
          14   -0.572578   -0.570765 0.000459759
          15   -0.572042    -0.57085 0.000436918
          16    -0.56947   -0.570764 0.000418044
          17   -0.569953   -0.570716 0.000396165
          18   -0.572036   -0.570789 0.000380877
          19   -0.575985   -0.571063 0.000448361
          20   -0.568616   -0.570941 0.000442325
           1   -0.581715   -0.581715           0
           2   -0.584696   -0.583205  0.00105396
           3   -0.590018   -0.585476  0.00198286
           4   -0.586809    -0.58581   0.0015149
           5   -0.581607   -0.584969  0.00142616
           6   -0.583955     -0.5848  0.00119844
           7   -0.582051   -0.584407  0.00108968
           8   -0.584698   -0.584444 0.000954074
           9   -0.584441   -0.584443 0.000848066
          10   -0.585544   -0.584554 0.000770374
          11   -0.586508   -0.584731 0.000720549
          12   -0.581631   -0.584473 0.000705292
          13   -0.586329   -0.584616 0.000665338
          14   -0.582142   -0.584439 0.000640854
          15   -0.582675   -0.584321 0.000608829
          16   -0.582265   -0.584193 0.000584179
          17   -0.585015   -0.584241 0.000551812
          18   -0.586202    -0.58435 0.000531799
          19   -0.580883   -0.584168 0.000534197
          20   -0.584831   -0.584201 0.000508515
           1   -0.599007   -0.599007           0
           2   -0.602619   -0.600813  0.00127706
           3    -0.59483   -0.598819  0.00183735
           4   -0.597882   -0.598584  0.00139286
           5   -0.602306   -0.599329    0.001298
           6   -0.603959   -0.600101  0.00129089
           7   -0.600126   -0.600104  0.00110648
           8   -0.598205   -0.599867 0.000993304
           9   -0.599865   -0.599867 0.000882937
          10   -0.597414   -0.599621 0.000828011
          11   -0.596622   -0.599349 0.000796357
          12    -0.60131   -0.599512 0.000746572
          13   -0.601265   -0.599647 0.000701219
          14   -0.598828   -0.599589 0.000653565
          15   -0.600538   -0.599652 0.000613048
          16   -0.601083   -0.599741 0.000581224
          17   -0.600558   -0.599789 0.000549018
          18   -0.598905    -0.59974 0.000520711
          19   -0.601699   -0.599843 0.000503403
          20   -0.600118   -0.599857  0.00047842
           1   -0.615623   -0.615623           0
           2   -0.611428   -0.613526  0.00148294
           3   -0.613761   -0.613604 0.000990708
           4   -0.619302   -0.615029  0.00144009
           5   -0.615243   -0.615071  0.00115271
           6   -0.612219   -0.614596  0.00105408
           7   -0.612477   -0.614293  0.00094598
           8   -0.611874   -0.613991 0.000874734
           9   -0.615007   -0.614104 0.000784792
          10    -0.61768   -0.614461 0.000783563
          11   -0.616776   -0.614672 0.000740041
          12   -0.616833   -0.614852  0.00069995
          13   -0.613433   -0.614743 0.000654559
          14   -0.614978    -0.61476 0.000608021
          15   -0.616488   -0.614875 0.000578299
          16   -0.615399   -0.614908 0.000543083
          17   -0.611981   -0.614735 0.000537736
          18   -0.614747   -0.614736 0.000507862
          19    -0.61668   -0.614838 0.000491334
          20    -0.61491   -0.614842  0.00046678
           1   -0.633511   -0.633511           0
           2   -0.633304   -0.633407 7.31714e-05
           3   -0.632322   -0.633046 0.000299302
           4   -0.630587   -0.632431 0.000577669
           5    -0.63403   -0.632751 0.000543454
           6    -0.63275   -0.632751 0.000452878
           7   -0.636348   -0.633265 0.000614037
           8   -0.634774   -0.633453 0.000565545
           9   -0.632485   -0.633346 0.000512846
          10   -0.632455   -0.633257  0.00046923
          11   -0.631195   -0.633069 0.000462487
          12   -0.629303   -0.632755 0.000519623
          13   -0.636312   -0.633029 0.000546966
          14    -0.62789   -0.632662 0.000618945
          15    -0.63312   -0.632692 0.000578434
          16   -0.634438   -0.632802  0.00055248
          17   -0.632984   -0.632812 0.000520085
          18   -0.629438   -0.632625 0.000523888
          19   -0.630385   -0.632507   0.0005094
          20   -0.633541   -0.632559 0.000486549
           1   -0.648827   -0.648827           0
           2   -0.645673    -0.64725  0.00111522
           3   -0.648019   -0.647506  0.00077236
           4    -0.65004    -0.64814 0.000797711
           5   -0.642003   -0.646912  0.00126976
           6   -0.650697   -0.647543  0.00120462
           7   -0.645144     -0.6472  0.00108019
           8   -0.646412   -0.647102 0.000949644
           9      -0.649   -0.647313 0.000867234
          10   -0.651764   -0.647758 0.000887413
          11   -0.646776   -0.647669 0.000811214
          12   -0.651553   -0.647992 0.000805606
          13   -0.649124   -0.648079 0.000748324
          14   -0.648762   -0.648128  0.00069646
          15   -0.649763   -0.648237 0.000658506
          16   -0.652531   -0.648506 0.000669798
          17   -0.648022   -0.648477 0.000631002
          18   -0.648449   -0.648476 0.000595948
          19   -0.646545   -0.648374 0.000573176
          20   -0.646505   -0.648281  0.00055208
           1   -0.665554   -0.665554           0
           2   -0.664643   -0.665098 0.000321903
           3   -0.667497   -0.665898  0.00068733
           4   -0.665067    -0.66569 0.000546024
           5   -0.666986   -0.665949 0.000494523
           6   -0.668572   -0.666386 0.000573647
           7   -0.665726   -0.666292 0.000499389
           8   -0.661536   -0.665698 0.000707271
           9   -0.664305   -0.665543  0.00064539
          10   -0.665331   -0.665522 0.000581198
          11    -0.66734   -0.665687 0.000551361
          12   -0.667593   -0.665846 0.000527807
          13   -0.668019   -0.666013 0.000512989
          14   -0.666892   -0.666076 0.000480171
          15   -0.666874   -0.666129 0.000451097
          16   -0.667224   -0.666197  0.00042806
          17   -0.666624   -0.666222 0.000403615
          18   -0.671349   -0.666507  0.00047107
          19   -0.663526    -0.66635 0.000471689
          20   -0.667598   -0.666413 0.000452211
           1   -0.683997   -0.683997           0
           2   -0.685971   -0.684984 0.000698169
           3   -0.682048   -0.684005 0.000924846
           4   -0.686769   -0.684696 0.000915998
           5   -0.682718     -0.6843 0.000813779
           6   -0.687595    -0.68485 0.000843324
           7   -0.683715   -0.684688 0.000738249
           8   -0.687297   -0.685014 0.000714423
           9   -0.683389   -0.684833 0.000657465
          10     -0.6892    -0.68527 0.000722343
          11   -0.686984   -0.685426 0.000673279
          12   -0.685787   -0.685456 0.000617846
          13   -0.682128     -0.6852 0.000621091
          14   -0.685294   -0.685207 0.000576763
          15   -0.684874   -0.685184 0.000538738
          16   -0.684135   -0.685119 0.000509043
          17   -0.684447   -0.685079  0.00048063
          18   -0.686473   -0.685157 0.000460124
          19   -0.688326   -0.685324 0.000465164
          20   -0.680675   -0.685091 0.000496595
           1   -0.707025   -0.707025           0
           2   -0.705137   -0.706081  0.00066765
           3   -0.702012   -0.704725  0.00119354
           4   -0.705427     -0.7049  0.00090796
           5   -0.700686   -0.704057  0.00104682
           6   -0.708471   -0.704793  0.00110083
           7   -0.700021   -0.704111  0.00113518
           8   -0.703286   -0.704008  0.00099796
           9   -0.703095   -0.703907 0.000892217
          10   -0.707657   -0.704282 0.000878296
          11   -0.705258    -0.70437 0.000802923
          12   -0.702254   -0.704194 0.000755143
          13   -0.705319   -0.704281 0.000701997
          14   -0.704529   -0.704298 0.000652079
          15   -0.704577   -0.704317 0.000608872
          16    -0.70367   -0.704277 0.000572159
          17   -0.704646   -0.704298 0.000538915
          18   -0.705059   -0.704341 0.000510629
          19   -0.700817   -0.704155 0.000516326
          20   -0.706516   -0.704273 0.000503818
           1     -0.7312     -0.7312           0
           2   -0.721417   -0.726309  0.00345891
           3   -0.725443    -0.72602  0.00231796
           4   -0.725517   -0.725894  0.00174188
           5   -0.726565   -0.726028  0.00139866
           6   -0.721274   -0.725236  0.00137176
           7   -0.723128   -0.724935  0.00120839
           8   -0.723984   -0.724816  0.00106317
           9   -0.723699   -0.724692 0.000952254
          10   -0.724497   -0.724672 0.000857228
          11   -0.723732   -0.724587 0.000783553
          12   -0.720263   -0.724227   0.0007968
          13   -0.720901   -0.723971 0.000775488
          14   -0.727795   -0.724244 0.000766697
          15   -0.724309   -0.724248 0.000715596
          16   -0.723764   -0.724218  0.00067151
          17    -0.72605   -0.724326 0.000640601
          18   -0.727881   -0.724523 0.000634727
          19   -0.725054   -0.724551 0.000601935
          20   -0.723144   -0.724481 0.000575938
           1    -0.75282    -0.75282           0
           2   -0.743782   -0.748301  0.00319527
           3   -0.745126   -0.747242  0.00229878
           4    -0.74551   -0.746809  0.00176441
           5   -0.744504   -0.746348  0.00147055
           6    -0.74689   -0.746439  0.00122823
           7   -0.744632   -0.746181  0.00107955
           8   -0.744175    -0.74593 0.000973292
           9   -0.748569   -0.746223 0.000908266
          10   -0.747663   -0.746367 0.000828768
          11   -0.741471   -0.745922 0.000864708
          12   -0.750668   -0.746317 0.000878465
          13    -0.74698   -0.746368 0.000812367
          14   -0.743371   -0.746154 0.000782054
          15   -0.745768   -0.746129  0.00073034
          16   -0.743424    -0.74596 0.000703985
          17   -0.742637   -0.745764 0.000689171
          18   -0.745459   -0.745747 0.000651092
          19   -0.743041   -0.745605 0.000632213
          20   -0.745963   -0.745623 0.000600856
           1   -0.763604   -0.763604           0
           2   -0.768067   -0.765836  0.00157792
           3   -0.762709   -0.764793  0.00135303
           4   -0.767746   -0.765531   0.0011993
           5   -0.769311   -0.766287   0.0011737
           6   -0.768418   -0.766642   0.0010304
           7   -0.766143   -0.766571 0.000885663
           8   -0.768553   -0.766819 0.000808848
           9   -0.777343   -0.767988  0.00131617
          10    -0.76215   -0.767404  0.00130762
          11   -0.764471   -0.767138  0.00121563
          12    -0.76447   -0.766915  0.00113447
          13   -0.773561   -0.767427  0.00115667
          14   -0.767954   -0.767464  0.00107466
          15   -0.768895    -0.76756  0.00100724
          16   -0.764492   -0.767368 0.000962365
          17   -0.764056   -0.767173 0.000925263
          18   -0.765456   -0.767078 0.000878764
          19   -0.763348   -0.766881 0.000854151
          20   -0.763776   -0.766726 0.000825436
           1   -0.787506   -0.787506           0
           2   -0.797291   -0.792399  0.00345973
           3   -0.782863    -0.78922  0.00347215
           4   -0.789371   -0.789258  0.00260432
           5   -0.791375   -0.789681  0.00211762
           6   -0.795112   -0.790586  0.00194855
           7   -0.789667   -0.790455  0.00167461
           8   -0.791544   -0.790591   0.0014708
           9   -0.793922   -0.790961  0.00135314
          10   -0.787913   -0.790656  0.00125168
          11   -0.783101    -0.78997  0.00131288
          12   -0.792183   -0.790154  0.00121636
          13   -0.789161   -0.790078  0.00112519
          14   -0.793016   -0.790288  0.00106422
          15   -0.786823   -0.790057  0.00101802
          16    -0.78869   -0.789971 0.000957972
          17   -0.789063   -0.789918 0.000903108
          18   -0.793357   -0.790109 0.000872918
          19   -0.794383   -0.790334  0.00085547
          20   -0.789371   -0.790286 0.000814051
           1   -0.821937   -0.821937           0
           2   -0.806948   -0.814443  0.00529926
           3   -0.815416   -0.814767  0.00354275
           4   -0.816432   -0.815183   0.0026814
           5   -0.816064   -0.815359   0.0021509
           6   -0.808634   -0.814239   0.0020639
           7    -0.81021   -0.813663  0.00184756
           8   -0.812445   -0.813511  0.00162288
           9   -0.812215   -0.813367  0.00144893
          10   -0.816453   -0.813675  0.00133649
          11   -0.811227   -0.813453  0.00123338
          12   -0.816786   -0.813731  0.00116146
          13   -0.805887   -0.813127  0.00121881
          14   -0.811888   -0.813039  0.00113496
          15   -0.823678   -0.813748  0.00126162
          16   -0.816623   -0.813928  0.00119549
          17   -0.807183   -0.813531  0.00118917
          18   -0.810241   -0.813348  0.00113707
          19    -0.81351   -0.813357  0.00107725
          20   -0.810099   -0.813194  0.00103563
           1   -0.834334   -0.834334           0
           2   -0.838743   -0.836539  0.00155875
           3   -0.841384   -0.838154  0.00167893
           4    -0.84046    -0.83873  0.00135456
           5   -0.840553   -0.839095  0.00113164
           6   -0.838051   -0.838921 0.000956314
           7   -0.836197   -0.838531 0.000895379
           8   -0.839782   -0.838688 0.000796988
           9   -0.832957   -0.838051 0.000928603
          10    -0.83666   -0.837912 0.000846098
          11   -0.839445   -0.838051 0.000780572
          12   -0.844124   -0.838557 0.000864156
          13   -0.830027   -0.837901  0.00101674
          14   -0.836769    -0.83782  0.00094732
          15   -0.833066   -0.837503 0.000935679
          16   -0.837046   -0.837475 0.000877636
          17   -0.842216   -0.837754 0.000869196
          18   -0.839086   -0.837828 0.000824053
          19   -0.832681   -0.837557 0.000824003
          20   -0.836122   -0.837485 0.000785921
           1   -0.865532   -0.865532           0
           2   -0.866594   -0.866063 0.000375361
           3   -0.870906   -0.867677  0.00134149
           4   -0.854001   -0.864258   0.0031273
           5   -0.861291   -0.863665  0.00255754
           6   -0.862542   -0.863478  0.00213812
           7   -0.862746   -0.863373  0.00183523
           8   -0.858751   -0.862795  0.00169435
           9   -0.863475   -0.862871  0.00150777
          10   -0.865574   -0.863141  0.00138101
          11    -0.87144   -0.863896  0.00144692
          12   -0.854507   -0.863113  0.00152325
          13   -0.857905   -0.862713  0.00145781
          14   -0.858197    -0.86239   0.0013889
          15   -0.867905   -0.862758  0.00134409
          16    -0.85625   -0.862351  0.00132019
          17   -0.861212   -0.862284  0.00124423
          18   -0.863475    -0.86235  0.00117687
          19    -0.85839   -0.862142  0.00113323
          20   -0.861719   -0.862121  0.00107677
           1   -0.889353   -0.889353           0
           2   -0.882376   -0.885864  0.00246661
           3   -0.883426   -0.885052  0.00177323
           4   -0.876837   -0.882998  0.00222076
           5   -0.886827   -0.883764  0.00190406
           6    -0.89049   -0.884885  0.00188808
           7   -0.882498   -0.884544  0.00164885
           8   -0.891206   -0.885377  0.00163959
           9    -0.88529   -0.885367  0.00145744
          10   -0.879024   -0.884733  0.00144313
          11   -0.893854   -0.885562  0.00153174
          12   -0.877609   -0.884899  0.00154082
          13   -0.890184   -0.885306  0.00147496
          14   -0.886192   -0.885369  0.00137096
          15   -0.887657   -0.885522  0.00128803
          16   -0.897793   -0.886289  0.00141759
          17   -0.877115   -0.885749  0.00143324
          18   -0.885698   -0.885746  0.00135362
          19   -0.889473   -0.885942  0.00129651
          20   -0.884414   -0.885866  0.00123394
           1   -0.916715   -0.916715           0
           2   -0.918331   -0.917523 0.000571059
           3   -0.921124   -0.918723  0.00105136
           4   -0.906432    -0.91565  0.00277556
           5   -0.915024   -0.915525  0.00222328
           6   -0.908458   -0.914347  0.00214215
           7   -0.902979   -0.912723  0.00237322
           8   -0.914137     -0.9129  0.00208314
           9   -0.926655   -0.914428  0.00234628
          10   -0.913889   -0.914374  0.00211227
          11   -0.912642   -0.914217  0.00192611
          12   -0.905473   -0.913488  0.00189842
          13   -0.914006   -0.913528   0.0017528
          14   -0.916419   -0.913735  0.00163972
          15   -0.911883   -0.913611  0.00153504
          16    -0.91498   -0.913697  0.00144149
          17   -0.923369   -0.914266  0.00146469
          18   -0.906362   -0.913826  0.00144764
          19   -0.909838   -0.913617  0.00138658
          20    -0.91859   -0.913865  0.00133936
           1   -0.939608   -0.939608           0
           2   -0.932752    -0.93618  0.00242385
           3      -0.948    -0.94012  0.00360009
           4   -0.948446   -0.942201  0.00324644
           5   -0.926693     -0.9391  0.00380018
           6   -0.953388   -0.941481   0.0038412
           7   -0.926632    -0.93936  0.00383374
           8   -0.944296   -0.939977  0.00340381
           9   -0.926939   -0.938528   0.0033196
          10   -0.938695   -0.938545  0.00298768
          11   -0.942367   -0.938892  0.00273621
          12   -0.938766   -0.938882  0.00250821
          13    -0.93941   -0.938923   0.0023156
          14    -0.94139   -0.939099  0.00215689
          15    -0.94056   -0.939196   0.0020153
          16   -0.945408   -0.939584  0.00192638
          17   -0.934003   -0.939256  0.00184083
          18   -0.949106   -0.939803  0.00181808
          19   -0.941551   -0.939895  0.00172472
          20   -0.935102   -0.939656  0.00165505
           1   -0.953465   -0.953465           0
           2   -0.963759   -0.958612   0.0036397
           3   -0.972879   -0.963368  0.00457885
           4    -0.95533   -0.961358  0.00384992
           5   -0.960801   -0.961247  0.00308155
           6   -0.965187   -0.961903  0.00263699
           7    -0.96797    -0.96277  0.00239849
           8   -0.959613   -0.962375   0.0021309
           9   -0.966438   -0.962827  0.00194136
          10    -0.95985   -0.962529   0.0017699
          11   -0.964778   -0.962734  0.00162077
          12   -0.967361   -0.963119   0.0015309
          13   -0.980344   -0.964444  0.00190197
          14   -0.963845   -0.964401   0.0017666
          15   -0.977696   -0.965288   0.0018579
          16   -0.961802    -0.96507  0.00175451
          17   -0.969242   -0.965315  0.00166838
          18    -0.96618   -0.965363  0.00157638
          19    -0.96668   -0.965433  0.00149494
          20   -0.957852   -0.965054  0.00146745
           1   -0.994954   -0.994954           0
           2   -0.984579   -0.989767  0.00366816
           3   -0.998669   -0.992734  0.00344239
           4   -0.998091   -0.994073  0.00283036
           5   -0.990284   -0.993316  0.00236358
           6   -0.992244   -0.993137  0.00197639
           7   -0.993721    -0.99322  0.00169581
           8   -0.989017   -0.992695   0.0015631
           9   -0.983547   -0.991678  0.00168783
          10   -0.977641   -0.990275  0.00202013
          11   -0.996063   -0.990801  0.00190377
          12   -0.986427   -0.990436  0.00177967
          13   -0.986644   -0.990145  0.00166651
          14   -0.984747   -0.989759  0.00159145
          15   -0.973857   -0.988699  0.00180423
          16   -0.981739   -0.988264  0.00174311
          17   -0.996634   -0.988756   0.0017087
          18   -0.974572   -0.987968  0.00178626
          19   -0.989076   -0.988027   0.0016932
          20    -1.00216   -0.988733  0.00174972
           1    -1.01156    -1.01156           0
           2    -1.01225     -1.0119 0.000245394
           3   -0.992858    -1.00556  0.00518655
           4    -1.00285    -1.00488  0.00393374
           5    -1.00118    -1.00414   0.0032159
           6    -1.00941    -1.00502  0.00279733
           7   -0.999494    -1.00423  0.00250654
           8    -1.00438    -1.00425  0.00219329
           9   -0.991433    -1.00282  0.00236703
          10    -1.00607    -1.00315  0.00215251
          11    -1.00508    -1.00332  0.00196398
          12    -1.00105    -1.00313  0.00180946
          13    -1.00449    -1.00324  0.00167327
          14    -1.00955    -1.00369  0.00161325
          15    -1.01354    -1.00435  0.00163379
          16    -1.00828    -1.00459  0.00155008
          17   -0.993217    -1.00392  0.00159679
          18    -1.01297    -1.00443  0.00158527
          19    -1.00475    -1.00444  0.00150193
          20     -1.0071    -1.00458  0.00143269
