           1    0.036004    0.036004           0
           2    0.025668    0.030836  0.00365433
           3    0.021356    0.027676  0.00354855
           4    0.037544    0.030143  0.00341287
           5    0.039732   0.0320608  0.00322442
           6     0.01942    0.029954  0.00330438
           7     0.01864   0.0283377  0.00320332
           8    0.033932    0.029037  0.00287822
           9    0.023828   0.0284582  0.00261596
          10    0.021644   0.0277768   0.0024415
          11    0.015452   0.0266564  0.00246326
          12    0.021016   0.0261863   0.0023024
          13    0.019928   0.0257049  0.00217504
          14    0.031248   0.0261009   0.0020554
          15    0.044832   0.0273496  0.00226617
          16     0.02276   0.0270628  0.00214262
          17    0.033592   0.0274468  0.00205071
          18    0.034148   0.0278191  0.00197029
          19    0.031784   0.0280278  0.00187761
          20    0.030268   0.0281398  0.00178707
           1    0.019296    0.019296           0
           2    0.027856    0.023576  0.00302642
           3     0.02834    0.025164  0.00239832
           4    0.019744    0.023809  0.00214767
           5    0.037908   0.0266288  0.00305172
           6    0.033012   0.0276927  0.00272223
           7    0.033144   0.0284714  0.00244219
           8    0.032848   0.0290185  0.00219734
           9    0.025824   0.0286636  0.00198165
          10    0.017336   0.0275308  0.00208222
          11    0.042504    0.028892  0.00229513
          12    0.035184   0.0294163  0.00216293
          13    0.026452   0.0291883  0.00200853
          14    0.034208   0.0295469   0.0018968
          15    0.033864   0.0298347  0.00179205
          16     0.02466   0.0295112  0.00170898
          17    0.024532   0.0292184  0.00163336
          18    0.028296   0.0291671  0.00154342
          19    0.033376   0.0293886    0.001478
          20    0.017944   0.0288164  0.00151082
           1     0.02218     0.02218           0
           2     0.02238     0.02228 7.07107e-05
           3     0.02452   0.0230267 0.000611471
           4    0.014052    0.020783  0.00199646
           5    0.039236   0.0244736  0.00366706
           6    0.024628   0.0244993  0.00305598
           7    0.038824   0.0265457  0.00323276
           8    0.029836    0.026957  0.00285471
           9    0.031208   0.0274293   0.0025763
          10    0.024192   0.0271056  0.00233892
          11     0.01516   0.0260196    0.002365
          12    0.020088   0.0255253  0.00221897
          13    0.041192   0.0267305  0.00235289
          14     0.03648   0.0274269  0.00228556
          15    0.032304    0.027752  0.00215619
          16    0.029244   0.0278453  0.00202344
          17    0.025012   0.0276786  0.00191127
          18    0.027512   0.0276693  0.00180511
          19    0.028388   0.0277072   0.0017105
          20    0.027876   0.0277156    0.001625
           1    0.016416    0.016416           0
           2    0.029568    0.022992  0.00464993
           3    0.031104    0.025696   0.0038058
           4    0.043192     0.03007  0.00474302
           5    0.024016   0.0288592  0.00394594
           6    0.032696   0.0294987  0.00333969
           7    0.026316    0.029044  0.00289338
           8    0.028952   0.0290325  0.00253173
           9     0.02472   0.0285533  0.00229532
          10    0.036036   0.0293016  0.00218435
          11    0.029336   0.0293047  0.00198578
          12    0.039924   0.0301897  0.00200782
          13      0.0201   0.0294135  0.00199776
          14    0.031816   0.0295851  0.00186241
          15    0.026608   0.0293867   0.0017488
          16    0.028396   0.0293248  0.00164059
          17    0.025672   0.0291099  0.00155809
          18    0.035596   0.0294702  0.00151263
          19    0.040072   0.0300282  0.00153248
          20    0.035648   0.0303092  0.00148139
           1    0.021652    0.021652           0
           2    0.044388     0.03302  0.00803839
           3    0.031036   0.0323587  0.00538606
           4    0.025516    0.030648  0.00430264
           5    0.036364   0.0317912  0.00359078
           6    0.032848   0.0319673  0.00299663
           7    0.042684   0.0334983  0.00293366
           8     0.03734   0.0339785  0.00260596
           9    0.038604   0.0344924  0.00236655
          10    0.037324   0.0347756  0.00214677
          11    0.036644   0.0349455  0.00195831
          12    0.028512   0.0344093  0.00186707
          13    0.040836   0.0349037   0.0017877
          14    0.031708   0.0346754  0.00167451
          15    0.049008   0.0356309  0.00181513
          16    0.042484   0.0360592  0.00175149
          17    0.036568   0.0360892  0.00164872
          18    0.028388   0.0356613  0.00161168
          19    0.033396   0.0355421  0.00153126
          20    0.028696   0.0351998  0.00149247
           1    0.044304    0.044304           0
           2    0.031276     0.03779  0.00460609
           3    0.024768   0.0334493  0.00468938
           4     0.02516    0.031377  0.00394848
           5    0.040944   0.0332904   0.0035926
           6     0.03936    0.034302  0.00313302
           7     0.03916    0.034996  0.00276124
           8    0.032368   0.0346675  0.00243555
           9    0.032772   0.0344569  0.00217402
          10    0.024204   0.0334316  0.00218505
          11    0.024604   0.0326291  0.00212868
          12    0.032076    0.032583  0.00195179
          13    0.037536    0.032964  0.00183847
          14    0.027716   0.0325891  0.00174494
          15    0.038008   0.0329504  0.00166559
          16    0.043648    0.033619  0.00169037
          17    0.034232   0.0336551  0.00159132
          18    0.025208   0.0331858  0.00157058
          19    0.035128    0.033288  0.00149124
          20    0.039888    0.033618  0.00145274
           1    0.045452    0.045452           0
           2    0.031628     0.03854  0.00488752
           3     0.02622   0.0344333  0.00467546
           4    0.045368    0.037167  0.00423095
           5    0.046896   0.0391128  0.00380598
           6    0.039488   0.0391753  0.00317217
           7     0.04298   0.0397189  0.00276517
           8    0.028788   0.0383525  0.00273636
           9     0.03796   0.0383089  0.00243267
          10    0.030172   0.0374952   0.0023215
          11    0.034384   0.0372124  0.00212761
          12    0.028792   0.0365107  0.00206278
          13     0.04118   0.0368698  0.00193512
          14      0.0297   0.0363577  0.00186344
          15    0.045608   0.0369744  0.00183842
          16     0.04456   0.0374485   0.0017836
          17    0.023616   0.0366348  0.00185502
          18      0.0333   0.0364496  0.00176119
          19    0.027924   0.0360008  0.00172471
          20    0.017172   0.0350594  0.00187793
           1    0.039872    0.039872           0
           2    0.027696    0.033784  0.00430487
           3    0.046372     0.03798  0.00446923
           4    0.037752    0.037923  0.00335228
           5    0.037168    0.037772  0.00268523
           6    0.041272   0.0383553  0.00230018
           7    0.052108     0.04032  0.00268247
           8    0.047348   0.0411985  0.00248685
           9    0.035372   0.0405511  0.00229326
          10    0.044432   0.0409392  0.00209651
          11     0.04502   0.0413102  0.00193846
          12    0.039384   0.0411497  0.00178356
          13     0.03278   0.0405058  0.00175873
          14    0.048172   0.0410534  0.00171623
          15    0.035988   0.0407157   0.0016347
          16     0.04262   0.0408348  0.00153686
          17    0.051688   0.0414732  0.00157349
          18    0.050932   0.0419987  0.00157137
          19    0.049396    0.042388  0.00153614
          20    0.044844   0.0425108  0.00146423
           1    0.032804    0.032804           0
           2     0.04318    0.037992  0.00366847
           3    0.055144   0.0437093  0.00527002
           4     0.04112    0.043062  0.00399207
           5      0.0273   0.0399096  0.00426023
           6    0.035792   0.0392233  0.00360504
           7    0.036332   0.0388103  0.00311361
           8    0.021824    0.036687  0.00337153
           9    0.034464     0.03644  0.00300595
          10     0.03792    0.036588  0.00270899
          11    0.025964   0.0356222  0.00262926
          12     0.05174   0.0369653  0.00273177
          13     0.05124   0.0380634  0.00273342
          14    0.041512   0.0383097  0.00254925
          15    0.024232   0.0373712  0.00254621
          16    0.044184    0.037797  0.00242241
          17    0.039348   0.0378882  0.00228163
          18    0.053772   0.0387707  0.00231925
          19     0.04176    0.038928  0.00220251
          20     0.03236   0.0385996  0.00211673
           1     0.06082     0.06082           0
           2    0.061892    0.061356 0.000379009
           3    0.053072   0.0585947  0.00226873
           4    0.060284    0.059017  0.00174042
           5    0.038712    0.054956  0.00388998
           6     0.04878   0.0539267  0.00337509
           7    0.052844    0.053772  0.00289648
           8     0.04932   0.0532155  0.00258733
           9    0.041896   0.0519578  0.00258755
          10    0.050216   0.0517836  0.00233465
          11    0.037812   0.0505135  0.00244361
          12    0.047192   0.0502367  0.00225559
          13    0.038992   0.0493717  0.00224181
          14    0.062496   0.0503091  0.00226924
          15    0.061296   0.0510416  0.00223304
          16     0.05508    0.051294  0.00210769
          17    0.044852   0.0509151  0.00201748
          18     0.05418   0.0510964  0.00191354
          19    0.033632   0.0501773  0.00202158
          20     0.03958   0.0496474  0.00198872
           1     0.04974     0.04974           0
           2    0.047992    0.048866 0.000618011
           3    0.066104    0.054612  0.00470965
           4    0.039672    0.050877   0.0047895
           5    0.053548   0.0514112  0.00386128
           6    0.051348   0.0514007  0.00321775
           7    0.036552   0.0492794  0.00338582
           8    0.056912   0.0502335   0.0030941
           9     0.05406   0.0506587  0.00277937
          10    0.075624   0.0531552  0.00344479
          11    0.042224   0.0521615  0.00327182
          12    0.032364   0.0505117  0.00338969
          13    0.052464   0.0506618  0.00313227
          14     0.04428    0.050206  0.00294152
          15    0.049732   0.0501744  0.00274559
          16    0.038072    0.049418  0.00267616
          17    0.031532   0.0483659  0.00271769
          18    0.054496   0.0487064  0.00258796
          19     0.04136   0.0483198  0.00248047
          20    0.057528   0.0487802  0.00239879
           1    0.044336    0.044336           0
           2     0.04814    0.046238  0.00134492
           3     0.05992   0.0507987  0.00383019
           4    0.033292    0.046422  0.00475589
           5    0.061296   0.0493968  0.00464278
           6    0.056772    0.050626  0.00402841
           7    0.071508   0.0536091   0.0044216
           8     0.04026   0.0519405  0.00417189
           9    0.063648   0.0532413  0.00390589
          10    0.068692   0.0547864  0.00380866
          11     0.05872    0.055144  0.00347916
          12    0.036284   0.0535723   0.0035264
          13    0.062468   0.0542566  0.00332087
          14    0.060624   0.0547114  0.00311465
          15    0.072876   0.0559224  0.00313359
          16     0.03496   0.0546122  0.00319993
          17     0.04192   0.0538656  0.00309757
          18    0.049648   0.0536313  0.00293433
          19    0.072128   0.0546048  0.00293694
          20    0.064684   0.0551088    0.002833
           1     0.06394     0.06394           0
           2     0.06462     0.06428 0.000240416
           3    0.034464   0.0543413  0.00811647
           4    0.067896     0.05773  0.00675782
           5    0.060152   0.0582144  0.00542359
           6    0.064952   0.0593373  0.00463445
           7    0.045036   0.0572943  0.00439973
           8    0.056104   0.0571455  0.00385228
           9    0.067948   0.0583458  0.00360639
          10    0.056792   0.0581904   0.0032491
          11    0.045996   0.0570818  0.00313715
          12    0.072468    0.058364  0.00312678
          13    0.069264   0.0592025  0.00299657
          14    0.056116    0.058982  0.00279063
          15    0.064792   0.0593693  0.00263133
          16    0.079952   0.0606557  0.00276349
          17    0.063836   0.0608428  0.00260726
          18    0.065752   0.0611156  0.00247663
          19     0.04842   0.0604474  0.00243476
          20    0.053896   0.0601198  0.00233495
           1    0.053548    0.053548           0
           2      0.0872    0.070374   0.0118978
           3    0.069324    0.070024    0.007937
           4    0.074568     0.07116   0.0060335
           5    0.094688   0.0758656  0.00640407
           6     0.07188   0.0752013  0.00537107
           7    0.084596   0.0765434   0.0047685
           8    0.057524    0.074166   0.0047281
           9    0.070232   0.0737289  0.00422291
          10    0.066756   0.0730316  0.00385776
          11    0.052556   0.0711702  0.00393056
          12    0.085168   0.0723367  0.00377213
          13     0.08922   0.0736354  0.00369879
          14    0.037684   0.0710674  0.00423318
          15     0.06438   0.0706216  0.00397437
          16    0.063524    0.070178  0.00375065
          17    0.093176   0.0715308   0.0037661
          18    0.067096   0.0712844  0.00356492
          19    0.073272   0.0713891  0.00337883
          20    0.046672   0.0701532  0.00342846
           1    0.073368    0.073368           0
           2    0.060052     0.06671  0.00470792
           3    0.052148    0.061856  0.00505553
           4     0.07358    0.064787  0.00456286
           5     0.04936   0.0617016  0.00457606
           6    0.068828   0.0628893  0.00396453
           7    0.060804   0.0625914  0.00340934
           8     0.06502    0.062895  0.00299666
           9    0.062008   0.0627964  0.00266532
          10    0.069792    0.063496   0.0024889
          11    0.074812   0.0645247  0.00246609
          12    0.079244   0.0657513  0.00254743
          13    0.090996   0.0676932  0.00300172
          14    0.070512   0.0678946  0.00279406
          15    0.086172   0.0691131  0.00286117
          16    0.095336    0.070752   0.0031166
          17    0.040688   0.0689835  0.00339818
          18    0.081664    0.069688   0.0032816
          19    0.070068    0.069708  0.00310894
          20    0.079664   0.0702058  0.00299308
           1    0.091276    0.091276           0
           2    0.076952    0.084114   0.0050643
           3    0.096872   0.0883667  0.00484309
           4    0.087328    0.088107  0.00363927
           5    0.065704   0.0836264  0.00495348
           6    0.053808   0.0786567  0.00613363
           7    0.069116   0.0772937  0.00540671
           8    0.059992    0.075131  0.00514527
           9    0.061248   0.0735884  0.00479924
          10    0.060568   0.0722864  0.00449247
          11    0.080988   0.0730775  0.00415312
          12    0.076472   0.0733603  0.00381665
          13    0.084936   0.0742508  0.00362544
          14    0.072184   0.0741031  0.00336949
          15    0.054092   0.0727691  0.00339871
          16     0.06198   0.0720947   0.0032525
          17      0.0856   0.0728892   0.0031567
          18    0.063836   0.0723862  0.00302113
          19    0.058292   0.0716444  0.00295179
          20    0.075504   0.0718374   0.0028105
           1    0.101036    0.101036           0
           2    0.106572    0.103804  0.00195727
           3    0.099584    0.102397  0.00173832
           4    0.075228    0.095605  0.00602508
           5    0.092288   0.0949416  0.00485645
           6    0.072968   0.0912793  0.00524932
           7    0.104972   0.0932354   0.0048502
           8    0.117672     0.09629  0.00511615
           9    0.073436   0.0937507  0.00513938
          10     0.08722   0.0930976  0.00466675
          11    0.080016   0.0919084  0.00439142
          12    0.091768   0.0918967  0.00402548
          13    0.094004   0.0920588  0.00371909
          14    0.073484    0.090732   0.0036825
          15    0.076104   0.0897568  0.00356379
          16    0.071556   0.0886192  0.00351792
          17    0.098364   0.0891925  0.00335736
          18     0.09326   0.0894184  0.00317844
          19    0.099116   0.0899288  0.00305186
          20    0.063744   0.0886196  0.00316767
           1    0.103664    0.103664           0
           2    0.111244    0.107454  0.00267993
           3    0.087004    0.100637  0.00584551
           4    0.074528     0.09411  0.00715368
           5    0.076316   0.0905512   0.0065486
           6    0.078728   0.0885807    0.005746
           7    0.094252   0.0893909  0.00498193
           8    0.102312    0.091006  0.00461358
           9    0.065556   0.0881782  0.00489139
          10    0.086864   0.0880468  0.00440402
          11      0.1109   0.0901244  0.00446689
          12     0.08948   0.0900707  0.00409497
          13     0.11236   0.0917852  0.00412333
          14    0.120464   0.0938337   0.0043077
          15    0.099672   0.0942229  0.00403807
          16    0.053096   0.0916525  0.00453052
          17    0.092284   0.0916896  0.00426417
          18    0.102948   0.0923151  0.00407289
          19    0.073668   0.0913337  0.00397501
          20    0.127776   0.0931558  0.00417304
           1     0.14882     0.14882           0
           2    0.085256    0.117038   0.0224733
           3    0.080132    0.104736   0.0180377
           4    0.113028    0.106809   0.0136469
           5    0.129436    0.111334   0.0116437
           6    0.093704    0.108396    0.010067
           7      0.1232    0.110511  0.00884822
           8    0.132792    0.113296  0.00816877
           9    0.129364    0.115081  0.00745368
          10    0.089656    0.112539  0.00712878
          11    0.095376    0.110979  0.00664926
          12    0.072364    0.107761  0.00682955
          13    0.076244    0.105336  0.00672074
          14    0.109748    0.105651  0.00624807
          15    0.123868    0.106866  0.00594839
          16    0.107824    0.106926  0.00557691
          17    0.119716    0.107678  0.00529937
          18     0.11724    0.108209  0.00503151
          19    0.113092    0.108466  0.00477325
          20     0.08678    0.107382  0.00465612
           1     0.15938     0.15938           0
           2      0.1275     0.14344   0.0112713
           3    0.150688    0.145856  0.00776881
           4    0.150312     0.14697  0.00590594
           5    0.123588    0.142294  0.00631017
           6     0.16732    0.146465  0.00649228
           7    0.149188    0.146854  0.00557646
           8    0.090728    0.139838  0.00817779
           9    0.124472    0.138131  0.00744524
          10    0.102728     0.13459  0.00749531
          11    0.087568    0.130316  0.00793989
          12    0.194216    0.135641  0.00888626
          13    0.158996    0.137437  0.00838235
          14    0.118128    0.136058  0.00789626
          15     0.10082    0.133709  0.00771138
          16    0.158396    0.135252  0.00738217
          17    0.122648     0.13451  0.00698505
          18    0.112944    0.133312  0.00669896
          19    0.108436    0.132003  0.00647307
          20    0.102936     0.13055  0.00631046
           1      0.1906      0.1906           0
           2    0.133752    0.162176   0.0200988
           3    0.079848    0.134733   0.0261076
           4     0.16488     0.14227   0.0206399
           5    0.145532    0.142922   0.0165222
           6    0.144492    0.143184   0.0137706
           7    0.160372    0.145639   0.0120203
           8    0.138428    0.144738   0.0105515
           9    0.175532     0.14816  0.00991835
          10     0.11872    0.145216  0.00935323
          11    0.095172    0.140666  0.00954544
          12    0.133904    0.140103  0.00876661
          13    0.186468    0.143669  0.00878786
          14    0.140512    0.143444  0.00816305
          15    0.147132     0.14369  0.00762255
          16    0.080992    0.139771  0.00809092
          17    0.115608     0.13835  0.00773882
          18    0.121992    0.137441  0.00736205
          19    0.131024    0.137103  0.00698232
          20      0.1908    0.139788  0.00713073
           1    0.198888    0.198888           0
           2    0.250568    0.224728   0.0182716
           3    0.135928    0.195128   0.0270645
           4    0.158952    0.186084    0.021757
           5    0.157572    0.180382   0.0181375
           6    0.222404    0.187385   0.0164112
           7    0.154128    0.182634   0.0147384
           8    0.165592    0.180504   0.0130492
           9    0.224092    0.185347   0.0124657
          10    0.192456    0.186058   0.0112393
          11     0.16426    0.184076   0.0103908
          12    0.195952    0.185066  0.00957192
          13    0.174468    0.184251  0.00887027
          14    0.225616    0.187205  0.00871489
          15     0.15316    0.184936  0.00842427
          16    0.200524     0.18591  0.00795389
          17    0.146372    0.183584  0.00781866
          18    0.125472    0.180356  0.00802319
          19    0.221152    0.182503    0.007883
          20    0.146128    0.180684   0.0076958
           1    0.308844    0.308844           0
           2    0.108216     0.20853   0.0709327
           3    0.203584    0.206881   0.0473076
           4    0.255196     0.21896   0.0369906
           5    0.218804    0.218929   0.0295925
           6    0.188916    0.213927   0.0250796
           7    0.188084    0.210235   0.0217668
           8    0.164256    0.204487   0.0197902
           9    0.252352    0.209806   0.0182919
          10    0.207832    0.209608   0.0164638
          11    0.204972    0.209187   0.0149725
          12      0.2329    0.211163   0.0138546
          13    0.145132    0.206084   0.0136883
          14    0.199608    0.205621   0.0127184
          15    0.288316    0.211134   0.0130106
          16    0.231128    0.212384   0.0122573
          17    0.163568    0.209512   0.0118678
          18    0.206056     0.20932   0.0112101
          19    0.201112    0.208888   0.0106284
          20     0.16936    0.206912   0.0102791
           1    0.277908    0.277908           0
           2    0.257148    0.267528  0.00733977
           3    0.235188    0.256748   0.0100705
           4     0.27458    0.261206  0.00848242
           5    0.286036    0.266172  0.00811036
           6    0.178532    0.251565   0.0149491
           7    0.251832    0.251603   0.0128135
           8    0.245108    0.250792   0.0112375
           9    0.231844    0.248686   0.0101842
          10      0.3022    0.254038   0.0104779
          11    0.206644    0.249729   0.0103734
          12    0.331024    0.256504   0.0115104
          13    0.233752    0.254754   0.0107573
          14    0.213268     0.25179    0.010389
          15    0.187724    0.247519   0.0105378
          16      0.2731    0.249118  0.00999978
          17    0.292808    0.251688  0.00973621
          18    0.265504    0.252456  0.00922552
          19    0.234848    0.251529  0.00878639
          20    0.240484    0.250977   0.0083644
           1    0.323824    0.323824           0
           2    0.300908    0.312366  0.00810203
           3    0.337288    0.320673  0.00867078
           4    0.230852    0.298218   0.0205054
           5    0.255332    0.289641   0.0181096
           6    0.289904    0.289685   0.0150914
           7    0.317704    0.293687   0.0134558
           8    0.297928    0.294218   0.0117843
           9    0.307768    0.295723   0.0105707
          10    0.330304    0.299181   0.0100634
          11     0.37678    0.306236    0.011355
          12    0.281756    0.304196   0.0105904
          13    0.254052    0.300338   0.0104546
          14    0.297868    0.300162  0.00970935
          15    0.342852    0.303008  0.00946999
          16    0.257696    0.300176  0.00929193
          17    0.292224    0.299708  0.00875711
          18    0.326164    0.301178  0.00839304
          19    0.294304    0.300816  0.00795909
          20    0.277544    0.299653  0.00764572
           1    0.218836    0.218836           0
           2    0.334804     0.27682   0.0410009
           3    0.402524    0.318721   0.0437907
           4     0.25666    0.303206   0.0354853
           5    0.355348    0.313634   0.0298813
           6    0.382488     0.32511   0.0270149
           7    0.306104    0.322395   0.0232917
           8     0.38068     0.32968   0.0214895
           9      0.4245    0.340216     0.02153
          10    0.290016    0.335196   0.0199537
          11    0.416692    0.342605   0.0194666
          12    0.312436    0.340091    0.018006
          13     0.43402    0.347316   0.0180123
          14     0.35842    0.348109   0.0167432
          15    0.356872    0.348693   0.0156372
          16    0.486044    0.357278   0.0168522
          17    0.219736    0.349187   0.0176968
          18    0.342904    0.348838   0.0167171
          19     0.41964    0.352564   0.0162473
          20    0.335888    0.351731   0.0154563
           1    0.529772    0.529772           0
           2    0.475732    0.502752    0.019106
           3    0.555792    0.520432   0.0192517
           4    0.379588    0.485221   0.0337393
           5    0.429984    0.474174   0.0287432
           6    0.412488    0.463893   0.0257257
           7    0.293732    0.439584   0.0315075
           8    0.418072    0.436895   0.0276836
           9    0.598748    0.454879   0.0298833
          10    0.327248    0.442116   0.0294949
          11    0.423688     0.44044   0.0268611
          12    0.436072    0.440076   0.0246251
          13    0.427088    0.439077   0.0227511
          14    0.472152     0.44144   0.0212483
          15    0.501748     0.44546   0.0202086
          16    0.459784    0.446356   0.0189654
          17     0.60806    0.455868    0.020094
          18    0.378896    0.451591   0.0194274
          19    0.409512    0.449377   0.0185307
          20    0.530708    0.453443   0.0180449
           1    0.603592    0.603592           0
           2    0.356008      0.4798   0.0875342
           3    0.649612    0.536404   0.0744409
           4    0.676676    0.571472   0.0635562
           5     0.33866     0.52491   0.0657241
           6    0.682624    0.551195   0.0597958
           7    0.532388    0.548509   0.0513139
           8    0.635212    0.559346     0.04603
           9    0.426952    0.544636   0.0432023
          10     0.52394    0.542566   0.0389316
          11    0.628748    0.550401   0.0361721
          12     0.46552    0.543328   0.0338423
          13    0.588108    0.546772   0.0314138
          14    0.501088    0.543509    0.029339
          15    0.529584    0.542581   0.0273977
          16    0.630816    0.548095   0.0262345
          17     0.57776     0.54984   0.0247493
          18    0.682516    0.557211   0.0244473
          19    0.648348    0.562008   0.0236265
          20    0.404296    0.554122   0.0237246
           1    0.487628    0.487628           0
           2     0.68556    0.586594   0.0699795
           3    0.797556    0.656915   0.0739809
           4     0.48408    0.613706   0.0669246
           5    0.518032    0.594571   0.0562086
           6    0.688528    0.610231   0.0489733
           7     0.72612    0.626786   0.0446879
           8    0.586256     0.62172   0.0393881
           9    0.638712    0.623608   0.0350568
          10    0.690884    0.630336   0.0321902
          11    0.630516    0.630352   0.0292638
          12    0.756068    0.640828   0.0286391
          13        0.85    0.656918   0.0306242
          14     0.68984     0.65927   0.0285269
          15    0.736804    0.664439   0.0270894
          16      0.6689    0.664718   0.0253977
          17      0.7057    0.667128   0.0240179
          18    0.723784    0.670276   0.0228889
          19    0.800012    0.677104   0.0226798
          20    0.651016      0.6758   0.0215833
           1     0.76972     0.76972           0
           2    0.782564    0.776142  0.00454104
           3    0.913036    0.821773   0.0373806
           4    0.913764    0.844771   0.0343898
           5    0.870996    0.850016   0.0279089
           6     0.84858    0.849777   0.0232585
           7    0.900028    0.856955   0.0210145
           8    0.851664    0.856294   0.0183981
           9    0.802964    0.850368   0.0172818
          10     0.53646    0.818978    0.033597
          11    0.905128    0.826809   0.0314424
          12    0.734568    0.819123   0.0297469
          13    0.853408     0.82176   0.0275754
          14    0.809736    0.820901   0.0256191
          15    0.728856    0.814765   0.0246351
          16    0.724152    0.809102   0.0237374
          17    0.914916    0.815326   0.0231428
          18    0.668616    0.807175   0.0232481
          19     0.84582    0.809209   0.0221133
          20    0.941796    0.815839   0.0219789
           1    0.975092    0.975092           0
           2    0.978196    0.976644  0.00109743
           3    0.809688    0.920992   0.0454456
           4    0.934168    0.924286   0.0342033
           5    0.914896    0.922408   0.0274142
           6    0.961312    0.928892   0.0235995
           7    0.819916    0.913324   0.0248378
           8    0.907708    0.912622    0.021743
           9    0.662468    0.884827   0.0325615
          10     0.92522    0.888866   0.0295549
          11    0.934452    0.893011    0.027157
          12    0.916332    0.894954   0.0249634
          13     0.93688    0.898179   0.0232505
          14    0.970452    0.903341   0.0221555
          15    0.982764    0.908636   0.0213017
          16    0.947612    0.911072   0.0201092
          17    0.694436    0.898329   0.0226063
          18    0.980656    0.902903   0.0218081
          19    0.926832    0.904162   0.0206967
          20    0.947252    0.906317   0.0197737
