           1     1.36039     1.36039           0
           2     1.38423     1.37231  0.00842871
           3     1.36248     1.36903  0.00622284
           4     1.34819     1.36382  0.00649175
           5     1.38858     1.36877  0.00682528
           6     1.36268     1.36776  0.00576272
           7     1.37503      1.3688  0.00503226
           8     1.30491     1.36081   0.0086716
           9     1.31004     1.35517  0.00936476
          10     1.35399     1.35505  0.00842903
          11     1.34655     1.35428  0.00769813
          12     1.35693      1.3545  0.00705978
          13     1.38256     1.35666  0.00683872
          14     1.34468      1.3558  0.00640355
          15     1.39739     1.35858  0.00654943
          16     1.33155     1.35689  0.00635414
          17     1.40338     1.35962  0.00654242
          18     1.38424     1.36099  0.00632025
          19     1.36284     1.36109  0.00598836
          20     1.35249     1.36066  0.00570434
           1     1.38814     1.38814           0
           2     1.45196     1.42005   0.0225636
           3      1.4925      1.4442   0.0248004
           4     1.42499      1.4394   0.0190596
           5     1.41445     1.43441   0.0158877
           6     1.38815      1.4267   0.0149944
           7     1.48593     1.43516   0.0150518
           8     1.43502     1.43514   0.0131703
           9     1.41811     1.43325   0.0118422
          10     1.42694     1.43262   0.0106748
          11     1.41717     1.43121  0.00979636
          12      1.4817     1.43542  0.00984198
          13     1.45154     1.43666  0.00916267
          14      1.4271     1.43598   0.0085336
          15     1.55295     1.44378   0.0109633
          16     1.42094     1.44235   0.0103707
          17     1.35822      1.4374   0.0108774
          18     1.48337     1.43995   0.0105687
          19     1.47492     1.44179   0.0101714
          20     1.38827     1.43912   0.0100086
           1     1.53989     1.53989           0
           2     1.47424     1.50706    0.023211
           3     1.45709      1.4904    0.020602
           4      1.5624      1.5084    0.021949
           5     1.64094     1.53491    0.029503
           6     1.51254     1.53118   0.0248203
           7      1.4187     1.51511   0.0259599
           8     1.59918     1.52562   0.0247504
           9     1.58112     1.53179   0.0227556
          10     1.50902     1.52951   0.0205936
          11     1.50159     1.52697   0.0188773
          12     1.58514     1.53182   0.0179156
          13     1.62203     1.53876   0.0178308
          14     1.49835     1.53587   0.0167891
          15     1.57002     1.53815   0.0158235
          16     1.50432     1.53603   0.0149751
          17     1.58525     1.53893   0.0143713
          18     1.51822     1.53778   0.0136189
          19      1.5357     1.53767   0.0129026
          20     1.56231      1.5389   0.0123161
           1      1.5485      1.5485           0
           2     1.56525     1.55687  0.00592288
           3     1.60739     1.57371   0.0143058
           4     1.60913     1.58257    0.013188
           5     1.60289     1.58663   0.0111591
           6     1.60253     1.58928  0.00960844
           7     1.54923     1.58356  0.00979242
           8     1.69387     1.59735   0.0154851
           9     1.70973     1.60983   0.0181121
          10     1.59623     1.60847   0.0163519
          11     1.67948     1.61493   0.0160891
          12     1.73568     1.62499    0.017616
          13     1.52237      1.6171   0.0179428
          14     1.68201     1.62173   0.0172498
          15      1.4927     1.61313   0.0181181
          16     1.57149     1.61053   0.0171716
          17     1.61453     1.61076   0.0161631
          18     1.61772     1.61115   0.0152698
          19     1.66314     1.61389   0.0147093
          20     1.73157     1.61977    0.015105
           1     1.68006     1.68006           0
           2     1.81082     1.74544   0.0462322
           3      1.6307     1.70719   0.0438772
           4      1.6792      1.7002   0.0334611
           5     1.76608     1.71337   0.0292482
           6     1.61888     1.69762   0.0282975
           7     1.74289     1.70409   0.0249831
           8     1.68788     1.70206   0.0219423
           9     1.80925     1.71397   0.0225053
          10     1.75093     1.71767    0.020556
          11     1.73664     1.71939   0.0187594
          12     1.74337     1.72139   0.0173022
          13     1.74396     1.72313   0.0160581
          14     1.76408     1.72605   0.0151753
          15     1.78794     1.73018   0.0147137
          16     1.73965     1.73077    0.013806
          17     1.71617     1.72991   0.0130206
          18     1.69872     1.72818    0.012412
          19     1.80657      1.7323   0.0124257
          20     1.82258     1.73682   0.0125975
           1     1.81113     1.81113           0
           2     1.88022     1.84568   0.0244295
           3     1.75116     1.81417   0.0304463
           4     1.84317     1.82142   0.0236824
           5     1.81385     1.81991   0.0189942
           6     1.89282     1.83206   0.0193287
           7     1.91444     1.84383   0.0198293
           8     1.83347     1.84253   0.0173929
           9     1.82171     1.84022   0.0156134
          10     1.88154     1.84435   0.0145886
          11     1.78886     1.83931   0.0141077
          12     1.77728     1.83414   0.0138465
          13     1.82615     1.83352    0.012795
          14     1.83078     1.83333   0.0118826
          15     1.87741     1.83627   0.0114481
          16     1.77065     1.83217   0.0114436
          17     1.71468     1.82525   0.0126868
          18     1.74193     1.82063   0.0127986
          19     1.74922     1.81687   0.0126647
          20     1.82523     1.81729   0.0120384
           1     1.97408     1.97408           0
           2     1.97888     1.97648  0.00169706
           3     1.97593     1.97629  0.00114108
           4     1.92866     1.96438   0.0103486
           5     1.96682     1.96487  0.00829038
           6      1.9916     1.96933  0.00801622
           7     1.99043     1.97234  0.00741648
           8     1.93302     1.96743  0.00795302
           9     2.07488     1.97937   0.0132922
          10     1.90525     1.97195   0.0138765
          11      1.9669     1.97149   0.0126226
          12     1.90741     1.96615   0.0126501
          13     1.97966     1.96719   0.0117196
          14     1.87699     1.96075   0.0125289
          15     1.97772     1.96188   0.0117446
          16     1.95392     1.96138   0.0110211
          17     1.93432     1.95979   0.0104872
          18      1.9404     1.95871  0.00995977
          19     1.89655     1.95544  0.00995847
          20     1.95862      1.9556  0.00946181
           1      1.9897      1.9897           0
           2     2.12657     2.05814   0.0483918
           3      2.0716     2.06262   0.0324685
           4      2.1496     2.08437   0.0307822
           5     2.12097     2.09169   0.0254814
           6     2.05048     2.08482   0.0221406
           7     2.06051     2.08135    0.019248
           8     2.02007     2.07369   0.0183029
           9     2.04736     2.07076   0.0165012
          10     2.05811      2.0695   0.0148995
          11     2.02664      2.0656   0.0140452
          12     2.07656     2.06652   0.0129044
          13     2.10266      2.0693   0.0122075
          14      2.0861      2.0705   0.0113944
          15      2.0677     2.07031   0.0106363
          16     2.04238     2.06856   0.0101138
          17     2.03624     2.06666  0.00969598
          18     2.13489     2.07045  0.00987043
          19     2.15302      2.0748   0.0102631
          20     2.06311     2.07421  0.00976659
           1     2.24791     2.24791           0
           2     2.26644     2.25717  0.00655134
           3     2.37174     2.29536   0.0314864
           4     2.38964     2.31893   0.0312141
           5     2.23045     2.30123   0.0295654
           6     2.28618     2.29872    0.024744
           7     2.13285     2.27503   0.0305148
           8     2.14396     2.25864    0.030786
           9     2.23144     2.25562   0.0275133
          10     2.26552     2.25661   0.0247798
          11     2.09617     2.24202   0.0264742
          12     2.26334      2.2438   0.0243275
          13     2.22259     2.24217   0.0225108
          14     2.22419     2.24089   0.0209395
          15     2.11245     2.23232    0.021222
          16     2.12084     2.22536   0.0210083
          17     2.23021     2.22564   0.0197745
          18     2.23063     2.22592   0.0186779
          19     2.21527     2.22536   0.0177032
          20     2.14199     2.22119   0.0173018
           1     2.50235     2.50235           0
           2     2.40795     2.45515   0.0333754
           3     2.29591     2.40207   0.0487191
           4     2.39234     2.39964   0.0366001
           5     2.51369     2.42245   0.0356875
           6     2.37176       2.414   0.0307232
           7      2.3159     2.39999   0.0293572
           8     2.45166     2.40645   0.0263887
           9     2.28619     2.39308   0.0266252
          10     2.59334     2.41311     0.03058
          11      2.3843     2.41049   0.0279119
          12     2.35375     2.40576   0.0259833
          13     2.23766     2.39283   0.0270114
          14     2.37347     2.39145   0.0251174
          15     2.44558     2.39506   0.0237008
          16     2.38527     2.39445   0.0222274
          17     2.31403     2.38972   0.0214173
          18     2.59562     2.40115    0.023081
          19     2.48136     2.40538   0.0222489
          20     2.44976      2.4076   0.0212468
           1     2.60743     2.60743           0
           2     2.63985     2.62364   0.0114627
           3     2.88051     2.70926   0.0703281
           4     2.48755     2.65384   0.0713186
           5     2.47141     2.61735   0.0657284
           6     2.61565     2.61707   0.0547743
           7     2.64774     2.62145   0.0471244
           8     2.67293     2.62788   0.0416708
           9     2.63686     2.62888   0.0370527
          10      2.6381      2.6298   0.0333589
          11     2.58235     2.62549   0.0306039
          12     2.55525     2.61964   0.0286079
          13     2.66505     2.62313   0.0266197
          14     2.60139     2.62158   0.0247636
          15     2.52037     2.61483   0.0240143
          16     2.59817     2.61379   0.0225359
          17     2.48526     2.60623   0.0224426
          18     2.66079     2.60926   0.0213995
          19     2.58998     2.60824   0.0202973
          20      2.5935     2.60751   0.0192958
           1      2.9027      2.9027           0
           2     2.90169     2.90219 0.000356967
           3     2.73619     2.84686   0.0451816
           4      2.5929     2.78337    0.064587
           5     2.93681     2.81406   0.0585074
           6     2.94751      2.8363   0.0528154
           7     2.89648      2.8449   0.0459647
           8     2.78714     2.83768   0.0407822
           9     2.89877     2.84446   0.0368114
          10     3.00639     2.86066   0.0365186
          11      2.7746     2.85283   0.0340264
          12     3.05052     2.86931   0.0349521
          13     2.92717     2.87376   0.0325456
          14     2.81688      2.8697   0.0304734
          15     2.99612     2.87812   0.0295845
          16     2.88811     2.87875    0.027742
          17     2.61372     2.86316   0.0301744
          18      2.6768     2.85281   0.0302221
          19     2.94905     2.85787   0.0290529
          20     2.87024     2.85849   0.0276068
           1     2.88596     2.88596           0
           2     2.98877     2.93737   0.0363493
           3     3.10122     2.99198   0.0507549
           4     3.03385     3.00245   0.0391305
           5     3.06543     3.01505   0.0332698
           6     2.96435      3.0066   0.0287776
           7     2.95955     2.99988   0.0254394
           8     3.11464     3.01422   0.0259913
           9     3.06204     3.01954   0.0236402
          10     3.11525     3.02911   0.0231327
          11     3.14346      3.0395   0.0232485
          12     3.04545        3.04   0.0213164
          13      2.9305     3.03157   0.0212757
          14     3.08478     3.03538   0.0200926
          15     3.00544     3.03338   0.0188519
          16     3.20177      3.0439    0.020401
          17     3.09527     3.04693   0.0194235
          18     3.00657     3.04468   0.0184733
          19     3.09638      3.0474   0.0177003
          20     2.93047     3.04156   0.0177547
           1     3.31734     3.31734           0
           2      3.2512     3.28427   0.0233838
           3     3.50619     3.35824   0.0623776
           4     3.48212     3.38921    0.053926
           5     3.59736     3.43084   0.0569869
           6      3.4748     3.43817   0.0479577
           7     3.55969     3.45553   0.0441369
           8     3.44617     3.45436   0.0386353
           9     3.39845     3.44814   0.0348383
          10     3.40494     3.44382   0.0316213
          11     3.28881     3.42973   0.0317317
          12     3.33244     3.42162   0.0301053
          13     3.62427     3.43721   0.0315681
          14     3.20118     3.42035   0.0335143
          15     3.44775     3.42218   0.0313297
          16     3.85032     3.44894   0.0391658
          17     3.40608     3.44642    0.036943
          18     3.49708     3.44923   0.0349977
          19     3.23311     3.43786   0.0349553
          20     3.39284     3.43561   0.0332799
           1     3.74924     3.74924           0
           2      3.5302     3.63972   0.0774445
           3     3.63476     3.63807   0.0516473
           4      3.8122      3.6816    0.054054
           5     3.44999     3.63528   0.0598876
           6      3.9791     3.69258   0.0722977
           7     3.64931      3.6864   0.0622332
           8     3.65729     3.68276   0.0545603
           9      3.9417     3.71153   0.0555684
          10     3.62329     3.70271   0.0507074
          11      3.6633     3.69913    0.046224
          12       3.845     3.71128   0.0439415
          13     3.86745      3.7233   0.0421715
          14     3.69622     3.72136   0.0392036
          15     4.12732     3.74843   0.0449716
          16     3.95249     3.76118   0.0439322
          17     3.62885      3.7534   0.0420319
          18     3.69724     3.75028   0.0398124
          19     3.88542     3.75739   0.0383472
          20     3.64725     3.75188   0.0368231
           1      3.9229      3.9229           0
           2     4.18688     4.05489   0.0933313
           3     4.28435     4.13138    0.088157
           4     4.34469     4.18471   0.0806505
           5      4.1605     4.17986   0.0646656
           6     4.33189      4.2052   0.0586423
           7     4.12742     4.19409   0.0513068
           8     3.88082     4.15493    0.057941
           9     4.16716     4.15629   0.0515191
          10     3.87636      4.1283   0.0534334
          11     4.27765     4.14187   0.0502713
          12     4.26024     4.15174   0.0470397
          13     4.05939     4.14463   0.0439544
          14      4.1338     4.14386   0.0408216
          15     4.02465     4.13591   0.0388661
          16     4.00638     4.12782   0.0372706
          17     4.14295     4.12871   0.0350889
          18     4.13951     4.12931   0.0331446
          19     4.12374     4.12901   0.0314015
          20     4.10661     4.12789   0.0298514
           1     4.36995     4.36995           0
           2     4.53654     4.45325   0.0588973
           3     4.81061     4.57237    0.104889
           4     4.82987     4.63675   0.0964195
           5     4.27043     4.56348    0.101212
           6     4.57644     4.56564   0.0843667
           7     5.14598     4.64855    0.105455
           8     5.09407     4.70424    0.105963
           9     4.26122     4.65501    0.105002
          10     4.47909     4.63742   0.0959639
          11     4.87177     4.65872   0.0895736
          12     4.71908     4.66375   0.0822503
          13     4.62981     4.66114   0.0759648
          14     4.33486     4.63784   0.0740276
          15     4.45017     4.62533   0.0701416
          16     4.55314     4.62081   0.0659027
          17     4.58201     4.61853   0.0620656
          18     4.75462     4.62609   0.0590762
          19     5.27243     4.66011   0.0650278
          20     4.47503     4.65086   0.0624314
           1     5.65035     5.65035           0
           2     5.17206      5.4112    0.169103
           3     4.87444     5.23228    0.184529
           4     4.90617     5.15075    0.155367
           5     5.03173     5.12695    0.126104
           6     5.61426     5.20817    0.128609
           7     5.53751     5.25522     0.11853
           8     5.22072      5.2509    0.103792
           9     5.38007     5.26526   0.0932467
          10     5.20081     5.25881   0.0841444
          11     5.22785       5.256    0.076542
          12     5.11769     5.24447   0.0710259
          13     5.25537     5.24531   0.0655674
          14     5.91955     5.29347   0.0765546
          15     5.03194     5.27603   0.0734095
          16     4.96629     5.25668   0.0713284
          17     5.46437     5.26889   0.0681709
          18     5.12123     5.26069   0.0648753
          19     5.31525     5.26356   0.0615243
          20     5.84089     5.29243   0.0648675
           1     6.88935     6.88935           0
           2     5.72016     6.30475    0.413369
           3     5.68625     6.09858    0.322926
           4     6.03797     6.08343     0.24255
           5     5.96059     6.05886     0.19528
           6     5.53092     5.97087    0.181477
           7     5.31207     5.87676    0.178293
           8     6.27917     5.92706    0.162948
           9     5.80296     5.91327    0.145425
          10     5.92691     5.91463    0.130889
          11       6.095     5.93103    0.120012
          12     5.73225     5.91447    0.111149
          13     5.92903     5.91559    0.102604
          14     6.19141     5.93529   0.0971487
          15     5.89039      5.9323   0.0907182
          16     5.61196     5.91227   0.0872297
          17     6.13438     5.92534   0.0830711
          18     5.90588     5.92426   0.0784631
          19     6.03436     5.93005   0.0745472
          20     5.36217     5.90166   0.0760352
           1     8.11493     8.11493           0
           2     7.08178     7.59835    0.365277
           3     7.24072     7.47914     0.26225
           4     6.91485     7.33807    0.231543
           5     7.21768     7.31399    0.186482
           6     7.61327     7.36387    0.161935
           7     7.14451     7.33253    0.141802
           8     6.51906     7.23085     0.15634
           9     6.83288     7.18663    0.145088
          10      7.0428     7.17225     0.13129
          11     7.39784     7.19276    0.120946
          12     7.60731      7.2273    0.115695
          13     7.37285      7.2385    0.107336
          14      7.4453     7.25327    0.100681
          15     7.00952     7.23702    0.095271
          16     7.60117     7.25978   0.0919949
          17     6.56962     7.21918   0.0951206
          18     6.64047     7.18703   0.0951144
          19     6.71536     7.16221   0.0932918
          20     7.36783     7.17249   0.0891919
           1     7.83888     7.83888           0
           2      8.3373     8.08809    0.176217
           3     7.81786     7.99801    0.138601
           4     8.51829     8.12808    0.153279
           5     7.83748     8.06996    0.133187
           6     8.91441      8.2107     0.16978
           7     8.11975     8.19771    0.146022
           8     8.57476     8.24484    0.135162
           9     8.55239     8.27901    0.124389
          10     6.84296     8.13541    0.176332
          11     7.53372     8.08071    0.168572
          12     7.84872     8.06138    0.155629
          13      9.0838     8.14002    0.162318
          14     8.59358     8.17242    0.153923
          15     7.47542     8.12595    0.150512
          16      7.6796     8.09806    0.143667
          17      7.2803     8.04995    0.143043
          18     7.60358     8.02516    0.137229
          19     8.04411     8.02615     0.13001
          20     8.30144     8.03992    0.124236
           1     10.1952     10.1952           0
           2     10.9652     10.5802     0.27225
           3     8.24081     9.80042    0.662071
           4     9.45991     9.71529    0.501996
           5     9.75733      9.7237    0.401667
           6     11.5977      10.036    0.439692
           7     9.86407     10.0115    0.377564
           8     9.69521     9.97193    0.332432
           9     11.3561     10.1257    0.329154
          10     9.82925     10.0961    0.297571
          11     9.02229     9.99846    0.286083
          12      10.453     10.0363    0.264739
          13     9.31196     9.98062    0.250169
          14     10.7514     10.0357    0.238282
          15     9.01674     9.96775    0.231877
          16     9.86906     9.96158    0.217467
          17     9.56941     9.93851    0.205895
          18     9.93534     9.93833    0.194456
          19     10.0525     9.94435    0.184314
          20     10.1556     9.95491    0.175401
           1     14.1588     14.1588           0
           2     11.0413        12.6      1.1022
           3     12.0339     12.4113    0.750781
           4     13.3274     12.6403    0.596992
           5     11.4071     12.3937    0.526086
           6     11.4269     12.2326    0.462422
           7     11.8921     12.1839    0.398912
           8     10.4535     11.9676     0.40345
           9     11.8458     11.9541    0.358849
          10     12.2952     11.9882    0.324581
          11     11.5462      11.948    0.297551
          12     13.2522     12.0567    0.291929
          13     10.8969     11.9675    0.282777
          14      11.214     11.9136    0.267651
          15     14.3922     12.0789    0.296457
          16      12.742     12.1203    0.280811
          17     11.1295      12.062    0.270274
          18     11.7082     12.0424    0.255973
          19     12.3651     12.0594    0.243063
          20     11.5096     12.0319     0.23246
           1     15.0248     15.0248           0
           2     15.3443     15.1845    0.112951
           3     14.7841     15.0511    0.132459
           4     15.3221     15.1188    0.115382
           5     15.7498      15.245    0.145815
           6     14.0188     15.0407    0.222653
           7     15.5488     15.1133    0.202334
           8     15.8394      15.204    0.196347
           9     14.5252     15.1286     0.18846
          10     15.1901     15.1347    0.169714
          11     14.0471     15.0359    0.180808
          12     16.7822     15.1814    0.216526
          13     13.6585     15.0643    0.229381
          14     14.8197     15.0468    0.213661
          15     14.1498      14.987    0.207617
          16     14.9026     14.9817    0.194708
          17     15.4885     15.0115    0.185522
          18     15.0682     15.0147    0.175242
          19      13.723     14.9467    0.178719
          20     15.4714     14.9729    0.171698
           1     19.8793     19.8793           0
           2     18.4419     19.1606    0.508201
           3     22.2087     20.1766     0.89611
           4     16.7259     19.3139     1.00492
           5     19.1627     19.2837    0.804391
           6     20.1695     19.4313    0.683739
           7     18.3933      19.283    0.601928
           8      18.524     19.1881    0.534113
           9     20.8423     19.3719    0.505402
          10     20.7055     19.5053    0.472128
          11     20.8995      19.632    0.445896
          12     15.5944     19.2956    0.520428
          13     16.9964     19.1187    0.509562
          14     19.1067     19.1178    0.473166
          15     20.0991     19.1833     0.44612
          16     17.7065      19.091    0.427679
          17     20.0266      19.146    0.406047
          18      19.993     19.1931    0.386205
          19     18.4688     19.1549    0.367755
          20     19.5361      19.174    0.349861
           1     25.6916     25.6916           0
           2     22.5946     24.1431     1.09497
           3      23.053     23.7798    0.787966
           4     20.0574     22.8492    0.999375
           5     23.7012     23.0196    0.813897
           6     25.5872     23.4475     0.78271
           7     21.9951       23.24    0.697852
           8     25.3555     23.5045    0.658819
           9     24.6983     23.6371    0.598821
          10     23.4617     23.6196    0.539195
          11     27.3685     23.9604    0.588104
          12     21.9863     23.7959    0.561632
          13     26.8211     24.0286    0.564587
          14     25.1093     24.1058     0.52951
          15     23.3415     24.0548    0.496655
          16      27.544     24.2729    0.511253
          17     20.6215     24.0581    0.524359
          18     22.6771     23.9814    0.500809
          19     25.0745     24.0389    0.477744
          20     23.0281     23.9884    0.456522
           1      33.704      33.704           0
           2     34.3542     34.0291    0.229886
           3     34.9829      34.347    0.301452
           4     30.1072     33.2871    0.945379
           5      32.869     33.2035    0.759993
           6     27.9434     32.3268     1.02058
           7      28.567     31.7897     1.00624
           8     33.9335     32.0577    0.915452
           9     37.2633     32.6361    0.979561
          10     32.9067     32.6631    0.881978
          11     30.2053     32.4397    0.829617
          12     28.5281     32.1137     0.82203
          13     29.9895     31.9503    0.774867
          14     33.3336     32.0491    0.725791
          15     30.8166     31.9669     0.68204
          16     30.8389     31.8964    0.643046
          17     36.8928     32.1904    0.669022
          18     30.8011     32.1132    0.636291
          19      30.526     32.0296    0.608261
          20     35.4983     32.2031    0.602065
           1      41.553      41.553           0
           2     42.3829      41.968    0.293391
           3     49.4984     44.4781     2.05883
           4     47.4834     45.2294     1.67561
           5     39.1918     44.0219     1.72145
           6     49.0139     44.8539      1.6232
           7     36.6174     43.6773     1.76704
           8     44.0432      43.723     1.54676
           9     36.1207     42.8783     1.58889
          10     41.5186     42.7423     1.43581
          11     43.5827     42.8187     1.30731
          12     43.3742      42.865     1.19919
          13       42.15       42.81      1.1082
          14     45.5868     43.0084     1.04664
          15     40.6593     42.8517    0.988514
          16     44.1664     42.9339    0.930141
          17     41.2389     42.8342    0.880755
          18     47.9861     43.1204    0.877097
          19     43.7267     43.1523    0.831514
          20     40.5061       43.02    0.800396
           1     47.6711     47.6711           0
           2     56.4006     52.0358     3.08637
           3     62.9013     55.6577      3.6026
           4      51.877     54.7125     2.82322
           5     56.1013     54.9903      2.2722
           6     56.3651     55.2194     1.90502
           7     58.4115     55.6754     1.68657
           8      53.673     55.4251      1.4942
           9     59.0807     55.8313     1.38229
          10     55.9608     55.8442     1.24412
          11     56.4647     55.9006      1.1323
          12     58.7194     56.1355     1.06202
          13     66.3535     56.9215     1.23747
          14     55.6709     56.8322     1.15229
          15     64.7215     57.3582     1.18947
          16     57.1504     57.3452     1.11519
          17     59.2877     57.4594     1.05543
          18     58.6317     57.5246    0.998805
          19     59.5453     57.6309    0.951882
          20     50.1982     57.2593    0.974137
           1     79.9749     79.9749           0
           2     70.1775     75.0762     3.46391
           3     80.1581     76.7702     2.69179
           4     80.5425     77.7133     2.17779
           5     74.4726     77.0651     1.83615
           6     75.4653     76.7985     1.54936
           7     77.9611     76.9646      1.3369
           8     73.4547     76.5258     1.23969
           9     69.0537     75.6956     1.35166
          10     70.7284     75.1989     1.30457
          11      79.037     75.5478     1.23175
          12     72.5964     75.3019      1.1534
          13     72.3625     75.0758     1.08662
          14     70.8503     74.7739     1.05008
          15     65.8102     74.1764     1.13747
          16      69.124     73.8606     1.10935
          17     79.7794     74.2088     1.09737
          18     64.2866     73.6575     1.16666
          19     75.4111     73.7498      1.1089
          20     83.7168     74.2482     1.16005
           1     96.0302     96.0302           0
           2     96.5083     96.2692    0.169038
           3       80.66     91.0662     4.24978
           4     90.5491     90.9369      3.1893
           5      88.726     90.4947     2.58191
           6     94.3357     91.1349     2.22955
           7     87.3088     90.5883      1.9769
           8     89.6822      90.475     1.73303
           9     82.4708     89.5857     1.75389
          10     90.7784      89.705     1.58255
          11     90.8269     89.8069     1.44197
          12     88.4957     89.6977     1.32594
          13     91.1786     89.8116     1.22883
          14     95.2211      90.198     1.20027
          15     97.2462     90.6679     1.20873
          16     93.2615       90.83       1.144
          17     84.4028     90.4519     1.13747
          18     96.8801      90.809     1.12894
          19     90.0991     90.7717     1.07014
          20     92.3315     90.8497     1.01947
