0           0           0
0.064633           0           0
0.129266           0           0
0.193899           0           0
0.258532           0           0
0.323165           0           0
0.387798           0           0
0.452431           0           0
0.517064           0           0
0.581697           0           0
0.64633           0           0
0.710963           0           0
0.775596           0           0
0.84023 0.000718419 0.000316228
0.904863    0.191402    0.005311
0.969496     1.40554   0.0152002
1.03413     2.72346   0.0229522
1.09876     3.02241   0.0231663
1.16339     2.79628   0.0220165
1.22803     2.42899   0.0174283
1.29266     2.16602   0.0139811
1.35729     1.92269   0.0148399
1.42193     1.78286   0.0106199
1.48656     1.65317   0.0108286
1.55119     1.57251  0.00996192
1.61583     1.52222   0.0102639
1.68046     1.48714  0.00716467
1.74509     1.44285  0.00720684
1.80973     1.42125  0.00775368
1.87436     1.41909  0.00829163
1.93899     1.41941  0.00809812
2.00362     1.40424    0.007436
2.06826     1.40455  0.00606851
2.13289     1.40343  0.00731005
2.19752     1.39998  0.00665513
2.26216     1.38927  0.00607328
2.32679     1.38473  0.00700489
2.39142     1.35856  0.00636272
2.45606     1.36561  0.00675124
2.52069     1.35836  0.00529297
2.58532      1.3483  0.00494094
2.64995     1.34961  0.00472473
2.71459      1.3423  0.00605574
2.77922     1.34541  0.00476672
2.84385      1.3371  0.00429363
2.90849     1.33772  0.00472914
2.97312      1.3274  0.00533738
3.03775     1.32619  0.00454712
3.10239       1.329  0.00436465
3.16702     1.32766  0.00422476
3.23165     1.31791  0.00371015
3.29629     1.32285  0.00357698
3.36092     1.32296  0.00372268
3.42555     1.31759   0.0032217
3.49018     1.31816  0.00320071
3.55482     1.32598  0.00334779
3.61945     1.31518   0.0033869
3.68408     1.32281  0.00299359
3.74872     1.32094  0.00364037
3.81335     1.31772  0.00349956
3.87798     1.31852  0.00280317
3.94262     1.32255  0.00250839
4.00725     1.31652   0.0028263
4.07188     1.31417  0.00321619
4.13651      1.3166  0.00364088
4.20115      1.3169  0.00276703
4.26578     1.31576  0.00297035
4.33041     1.31775  0.00304794
4.39505     1.31272  0.00264609
4.45968       1.318  0.00232956
4.52431     1.31522  0.00255652
4.58895     1.30941  0.00252612
4.65358      1.3139  0.00262891
4.71821     1.31166  0.00279108
4.78285     1.32216  0.00282747
4.84748     1.31358  0.00291723
4.91211     1.31598  0.00227032
4.97674     1.31322  0.00243582
5.04138     1.31692  0.00252637
5.10601     1.31303  0.00217193
5.17064     1.31607  0.00225225
5.23528     1.31306  0.00188271
5.29991     1.31418  0.00216084
5.36454     1.31406  0.00196533
5.42918      1.3137  0.00220199
5.49381     1.31265  0.00224745
5.55844     1.31614  0.00225367
5.62307     1.31705  0.00207396
5.68771     1.31187  0.00206326
5.75234     1.31563  0.00220272
5.81697     1.31459  0.00183639
5.88161     1.31435  0.00226028
5.94624     1.31334  0.00209684
6.01087     1.31437  0.00193592
6.07551     1.31749  0.00194604
6.14014     1.31784  0.00178132
6.20477     1.31171   0.0019555
6.2694     1.31672  0.00238843
6.33404     1.31338  0.00192484
6.39867     1.31512   0.0020595
