           1    -7.10644    -7.10644           0
           2    -7.12537    -7.11591  0.00946853
           3    -7.13906    -7.12362  0.00945833
           4    -7.11934    -7.12255  0.00677333
           5    -7.09008    -7.11606  0.00834927
           6    -7.06344    -7.10729   0.0111073
           7    -7.07371    -7.10249   0.0105419
           8    -7.06597    -7.09793   0.0102073
           9    -7.07067     -7.0949   0.0094979
          10    -7.09581    -7.09499  0.00849567
          11     -7.0671    -7.09245  0.00809207
          12    -7.09556    -7.09271  0.00739154
          13    -7.08386    -7.09203  0.00683325
          14    -7.11749    -7.09385  0.00658259
          15    -7.03552    -7.08996   0.0072576
          16    -7.08912    -7.08991  0.00678907
          17    -7.08992    -7.08991  0.00637722
          18    -7.09739    -7.09032  0.00602684
          19    -7.08174    -7.08987   0.0057187
          20    -7.14425    -7.09259  0.00606828
          21    -7.04658     -7.0904  0.00617398
          22    -7.09065    -7.09041  0.00588667
          23    -7.08442    -7.09015  0.00563093
          24    -7.05012    -7.08848  0.00564337
          25    -7.12156    -7.08981  0.00557229
          26      -7.117    -7.09085  0.00545491
          27    -7.09254    -7.09091  0.00524936
          28    -7.08113    -7.09057  0.00507046
          29    -7.07499    -7.09003   0.0049219
          30    -7.09309    -7.09013   0.0047561
          31    -7.04415    -7.08865  0.00483331
          32    -7.06695    -7.08797  0.00472868
          33    -7.12829    -7.08919  0.00474325
          34    -7.11205    -7.08986  0.00465047
          35    -7.04778    -7.08866  0.00467296
          36    -7.07063    -7.08816  0.00456884
          37    -7.13489    -7.08942  0.00461961
          38     -7.1091    -7.08994  0.00452611
          39    -7.10351    -7.09029  0.00442224
          40    -7.08173    -7.09008  0.00431557
          41    -7.12002    -7.09081  0.00427188
          42    -7.14979    -7.09221  0.00439912
          43    -7.10081    -7.09241  0.00430024
          44    -7.05874    -7.09164   0.0042705
          45    -7.08543    -7.09151   0.0041768
          46     -7.1084    -7.09187  0.00410147
          47    -7.11182     -7.0923  0.00403564
          48    -7.06094    -7.09165   0.0040043
          49    -7.08504    -7.09151  0.00392405
          50     -7.0815    -7.09131  0.00384998
