           1    -5.52007    -5.52007           0
           2    -5.45833     -5.4892   0.0308672
           3      -5.573    -5.51713   0.0331351
           4    -5.55889    -5.52757   0.0256503
           5    -5.48695    -5.51945   0.0214652
           6     -5.4756    -5.51214   0.0189887
           7    -5.55339    -5.51803   0.0170962
           8      -5.515    -5.51766   0.0148106
           9    -5.54221    -5.52038   0.0133436
          10    -5.43152     -5.5115   0.0148797
          11    -5.50677    -5.51107   0.0134661
          12     -5.4983       -5.51   0.0123388
          13    -5.47052    -5.50697   0.0117492
          14     -5.4767     -5.5048   0.0110905
          15    -5.45869    -5.50173   0.0107727
          16    -5.41721    -5.49645   0.0113776
          17    -5.44524    -5.49343   0.0111038
          18    -5.41904     -5.4893   0.0112551
          19    -5.48733     -5.4892   0.0106467
          20    -5.48421    -5.48895   0.0101034
          21    -5.41356    -5.48536   0.0102589
          22    -5.53442    -5.48759   0.0100325
          23    -5.48053    -5.48728  0.00959128
          24    -5.44055    -5.48533  0.00938715
          25    -5.48652    -5.48538  0.00900397
          26    -5.45647    -5.48427  0.00872189
          27    -5.45662    -5.48325  0.00845491
          28    -5.48482     -5.4833  0.00814755
          29    -5.54898    -5.48557  0.00818127
          30    -5.49755    -5.48597  0.00791395
          31    -5.48885    -5.48606  0.00765496
          32    -5.41987    -5.48399  0.00769507
          33    -5.46856    -5.48352  0.00747289
          34    -5.48294    -5.48351  0.00724979
          35    -5.48981    -5.48369  0.00704191
          36    -5.48382    -5.48369  0.00684351
          37    -5.49487    -5.48399  0.00666283
          38    -5.45112    -5.48313  0.00654255
          39    -5.50146     -5.4836   0.0063899
          40    -5.44877    -5.48273  0.00628866
          41    -5.48776    -5.48285  0.00613459
          42    -5.41329    -5.48119  0.00621163
          43    -5.39114     -5.4791  0.00641682
          44     -5.3813    -5.47688  0.00665161
          45    -5.49977    -5.47738  0.00652199
          46    -5.54067    -5.47876   0.0065253
          47    -5.44428    -5.47803  0.00642697
          48    -5.45929    -5.47764  0.00630374
          49    -5.46361    -5.47735  0.00618039
          50    -5.49249    -5.47765  0.00606309
