           1     1.00407     1.00407           0
           2     1.44625     1.22516    0.221089
           3    0.879639     1.10998    0.171925
           4    0.838706     1.04216    0.139207
           5     1.22544     1.07882    0.113889
           6      1.2857      1.1133   0.0991765
           7    0.940273     1.08858   0.0873882
           8     1.10744     1.09094   0.0757171
           9     0.99767     1.08058   0.0675755
          10     1.45959     1.11848    0.071342
          11     1.23515     1.12908   0.0653971
          12     1.31868     1.14488   0.0617544
          13     1.27382      1.1548   0.0576652
          14     1.25867     1.16222   0.0539007
          15     1.27124     1.16949   0.0507024
          16     1.59324     1.19597   0.0543214
          17     1.49412     1.21351   0.0539559
          18     1.56379     1.23297   0.0544652
          19     1.29693     1.23634   0.0516288
          20     1.24711     1.23688   0.0489823
          21     1.62861     1.25553    0.050187
          22     1.09471     1.24822   0.0484066
          23     1.37737     1.25383   0.0465937
          24     1.46945     1.26282   0.0455057
          25     1.20115     1.26035   0.0437171
          26     1.39847     1.26566   0.0423367
          27     1.34087     1.26845   0.0408336
          28     1.20991     1.26636   0.0394037
          29     1.06373     1.25937   0.0386574
          30     1.17813     1.25666   0.0374447
          31     1.27706     1.25732   0.0362226
          32     1.69719     1.27107   0.0376699
          33     1.43743     1.27611   0.0368569
          34     1.29557     1.27668    0.035761
          35     1.34338     1.27859   0.0347765
          36     1.36538       1.281   0.0338826
          37     1.14082     1.27721   0.0331712
          38     1.55698     1.28457   0.0331153
          39     1.20532     1.28254   0.0323189
          40     1.44312     1.28655   0.0317554
          41     1.22154     1.28497   0.0310118
          42     1.69284     1.29468   0.0317843
          43     1.81081     1.30668   0.0332765
          44     1.90949     1.32038   0.0352801
          45     1.33952     1.32081   0.0344898
          46     1.10613     1.31614   0.0340531
          47      1.5686     1.32151   0.0337508
          48     1.56839     1.32666   0.0334381
          49     1.48813     1.32995    0.032914
          50     1.33818     1.33012   0.0322494
