           1   -0.428976   -0.428976           0
           2   -0.419157   -0.424067  0.00490967
           3   -0.422379   -0.423504   0.0028899
           4   -0.424262   -0.423694  0.00205223
           5   -0.427991   -0.424553  0.00180713
           6   -0.405112   -0.421313  0.00356039
           7   -0.432543   -0.422917  0.00341004
           8   -0.424893   -0.423164  0.00296349
           9   -0.406555   -0.421319  0.00319944
          10   -0.405894   -0.419776   0.0032509
          11   -0.398922    -0.41788  0.00349871
          12    -0.41177   -0.417371  0.00323421
          13   -0.424987   -0.417957  0.00303217
          14   -0.400899   -0.416739  0.00306026
          15   -0.394878   -0.415281  0.00320006
          16   -0.419444   -0.415541  0.00300467
          17   -0.421166   -0.415872  0.00284172
          18   -0.411893   -0.415651  0.00268831
          19   -0.419181   -0.415837  0.00254966
          20   -0.406108    -0.41535  0.00246725
          21    -0.40853   -0.415026  0.00236919
          22   -0.399602   -0.414325  0.00236523
          23   -0.423572   -0.414727  0.00229553
          24   -0.402527   -0.414218  0.00225582
          25   -0.413638   -0.414195  0.00216383
          26    -0.41196   -0.414109  0.00208072
          27   -0.423855    -0.41447  0.00203445
          28   -0.411376    -0.41436  0.00196356
          29   -0.413827   -0.414341  0.00189473
          30   -0.430872   -0.414892  0.00191162
          31   -0.429189   -0.415353  0.00190558
          32   -0.418689   -0.415458  0.00184801
          33   -0.416266   -0.415482  0.00179131
          34   -0.410739   -0.415343  0.00174341
          35   -0.423287    -0.41557  0.00170801
          36   -0.423571   -0.415792  0.00167471
          37   -0.402799   -0.415441  0.00166624
          38   -0.413119    -0.41538  0.00162295
          39   -0.404732   -0.415107  0.00160419
          40    -0.40005    -0.41473  0.00160824
          41   -0.408052   -0.414567  0.00157696
          42   -0.421115   -0.414723  0.00154683
          43   -0.406691   -0.414536  0.00152194
          44   -0.415702   -0.414563  0.00148718
          45    -0.42608   -0.414819  0.00147611
          46   -0.397542   -0.414443  0.00149172
          47   -0.401053   -0.414158  0.00148718
          48   -0.409708   -0.414066  0.00145882
          49   -0.410511   -0.413993  0.00143058
          50   -0.412043   -0.413954  0.00140222
