0           0           0
0.0256496           0           0
0.0512993           0           0
0.0769489           0           0
0.102599           0           0
0.128248           0           0
0.153898           0           0
0.179547           0           0
0.205197           0           0
0.230847           0           0
0.256496           0           0
0.282146           0           0
0.307796           0           0
0.333445           0           0
0.359095           0           0
0.384745           0           0
0.410394           0           0
0.436044           0           0
0.461694           0           0
0.487343           0           0
0.512993           0           0
0.538642           0           0
0.564292           0           0
0.589942           0           0
0.615591           0           0
0.641241           0           0
0.666891           0           0
0.69254           0           0
0.71819           0           0
0.74384           0           0
0.769489           0           0
0.795139           0           0
0.820788           0           0
0.846438           0           0
0.872088  0.00163847 0.000198733
0.897737   0.0295173  0.00109104
0.923387     0.21572  0.00392127
0.949037    0.744781  0.00852723
0.974686     1.57284   0.0104312
1.00034     2.45877   0.0134276
1.02599     3.09748   0.0111379
1.05164     3.40736  0.00818656
1.07728     3.40038  0.00981908
1.10293     3.21472   0.0107971
1.12858     2.95286   0.0107199
1.15423     2.64002  0.00836549
1.17988     2.36545    0.010354
1.20553     2.09608   0.0084007
1.23118     1.86933   0.0074032
1.25683     1.67231  0.00728829
1.28248     1.49998  0.00788727
1.30813     1.36132  0.00662561
1.33378     1.26109  0.00552048
1.35943     1.16409  0.00608445
1.38508     1.09128  0.00539467
1.41073     1.02609  0.00534001
1.43638    0.982399  0.00528647
1.46203    0.946031  0.00529338
1.48768    0.917163   0.0053003
1.51333    0.898738  0.00504698
1.53898    0.892687  0.00474898
1.56463    0.886489  0.00577512
1.59028     0.89538  0.00561458
1.61593    0.909225  0.00484146
1.64158    0.931649  0.00495384
1.66723    0.962499  0.00488762
1.69288    0.989525  0.00481168
1.71853      1.0355  0.00452707
1.74418     1.08552  0.00392879
1.76983     1.13972  0.00492091
1.79547     1.19451  0.00543058
1.82112     1.25193  0.00606856
1.84677     1.30566  0.00569155
1.87242     1.36211  0.00576952
1.89807     1.40874  0.00572138
1.92372     1.46144   0.0049974
1.94937     1.50478  0.00440524
1.97502     1.54533  0.00428039
2.00067     1.58745  0.00426074
2.02632     1.60771  0.00450852
2.05197     1.62619  0.00451264
2.07762     1.62674  0.00538885
2.10327     1.61897  0.00452876
2.12892     1.59763  0.00532123
2.15457      1.5749  0.00496051
2.18022     1.54082  0.00478282
2.20587     1.50168  0.00478509
2.23152     1.46123  0.00389078
2.25717     1.41672  0.00448536
2.28282     1.37867  0.00495188
2.30847      1.3444  0.00509023
2.33412     1.30892  0.00504533
2.35977     1.28592   0.0044879
2.38542     1.26225  0.00386751
2.41107     1.23935  0.00342762
2.43672     1.22169  0.00354974
2.46237     1.21117  0.00381566
2.48802     1.18981  0.00330831
2.51366     1.17776  0.00360907
2.53931     1.17998  0.00402051
