0           0           0
0.0230664           0           0
0.0461329           0           0
0.0691993           0           0
0.0922657           0           0
0.115332           0           0
0.138399           0           0
0.161465           0           0
0.184531           0           0
0.207598           0           0
0.230664           0           0
0.253731           0           0
0.276797           0           0
0.299864           0           0
0.32293           0           0
0.345996           0           0
0.369063           0           0
0.392129           0           0
0.415196           0           0
0.438262           0           0
0.461329           0           0
0.484395           0           0
0.507461           0           0
0.530528           0           0
0.553594           0           0
0.576661           0           0
0.599727           0           0
0.622794           0           0
0.64586           0           0
0.668926           0           0
0.691993           0           0
0.715059           0           0
0.738126           0           0
0.761192           0           0
0.784259           0           0
0.807325           0           0
0.830391           0           0
0.853458           0           0
0.876524 0.000137462 5.95766e-05
0.899591  0.00536354 0.000360345
0.922657   0.0673725  0.00125835
0.945724    0.409073  0.00426756
0.96879     1.37985  0.00936021
0.991856     3.02999   0.0104827
1.01492     4.84967  0.00858673
1.03799     6.13209    0.010583
1.06106      6.4664   0.0140244
1.08412      5.9136   0.0137709
1.10719     4.82918    0.013246
1.13026     3.58552  0.00862031
1.15332     2.43709  0.00512364
1.17639     1.53759  0.00606758
1.19945     0.89337  0.00514033
1.22252    0.486934  0.00428818
1.24559    0.247092  0.00343329
1.26865    0.125019  0.00245727
1.29172   0.0695559  0.00182315
1.31479    0.058578  0.00147606
1.33785    0.083479  0.00188115
1.36092     0.14735  0.00242564
1.38399     0.25625  0.00282139
1.40705      0.4121   0.0031943
1.43012    0.617174  0.00279325
1.45319    0.842034   0.0025542
1.47625     1.05942  0.00443653
1.49932     1.20663   0.0043679
1.52238     1.26767  0.00530561
1.54545      1.2117  0.00443457
1.56852     1.06532  0.00379169
1.59158    0.853934  0.00281703
1.61465    0.627187  0.00190326
1.63772    0.433317  0.00271358
1.66078    0.304999  0.00313215
1.68385    0.271162  0.00363845
1.70692    0.359321  0.00411653
1.72998    0.603471  0.00500544
1.75305     1.02281  0.00506944
1.77612     1.61527   0.0045372
1.79918     2.30499  0.00323357
1.82225     2.95597  0.00583229
1.84531     3.42799  0.00823246
1.86838     3.58089   0.0102423
1.89145     3.36636  0.00934909
1.91451     2.88299  0.00632857
1.93758     2.24814  0.00364332
1.96065     1.61114  0.00312169
1.98371      1.0923  0.00440384
2.00678    0.748759  0.00578974
2.02985    0.603274  0.00580206
2.05291    0.632902  0.00482718
2.07598      0.7933  0.00360738
2.09905     1.01155  0.00238854
2.12211     1.21061  0.00268939
2.14518     1.32908  0.00351511
2.16824     1.33027  0.00399026
2.19131     1.22908   0.0035083
2.21438     1.05644  0.00220729
2.23744    0.886467   0.0028154
2.26051    0.781579  0.00391986
2.28358    0.787407  0.00518501
