           1     8.56845     8.56845           0
           2     8.46019     8.51432    0.054131
           3     8.38587     8.47151   0.0530084
           4     8.49079     8.47633   0.0377914
           5     8.66238     8.51354   0.0473445
           6     8.81001     8.56295   0.0627363
           7     8.74674      8.5892   0.0591667
           8     8.78819     8.61408   0.0569581
           9     8.76522     8.63087   0.0529652
          10     8.61697     8.62948   0.0473939
          11     8.78056     8.64322   0.0450157
          12     8.64425      8.6433   0.0410936
          13     8.68937     8.64685   0.0379664
          14     8.50372     8.63662   0.0366066
          15     8.97378      8.6591   0.0408238
          16     8.66194     8.65928   0.0381876
          17     8.66886     8.65984   0.0358754
          18     8.62004     8.65763   0.0338959
          19     8.69861     8.65979   0.0321348
          20     8.35252     8.64442   0.0341381
          21     8.90542     8.65685    0.034769
          22     8.66378     8.65717   0.0331524
          23     8.68139     8.65822   0.0316957
          24     8.87894     8.66742   0.0317093
          25      8.4809     8.65996   0.0313161
          26     8.50809     8.65411   0.0306493
          27     8.64164     8.65365   0.0294959
          28     8.70431     8.65546   0.0284805
          29     8.75438     8.65887   0.0276917
          30      8.6432     8.65835   0.0267579
          31     8.91326     8.66657   0.0271552
          32     8.79139     8.67047   0.0265807
          33     8.44239     8.66356   0.0266736
          34     8.54406     8.66005   0.0261148
          35      8.9101     8.66719   0.0263449
          36     8.76767     8.66998   0.0257544
          37     8.40047      8.6627   0.0260863
          38     8.54886      8.6597   0.0255666
          39     8.58456     8.65778   0.0249769
          40     8.70366     8.65892   0.0243715
          41     8.49729     8.65498   0.0240943
          42     8.32675     8.64717   0.0247783
          43     8.60391     8.64616   0.0242161
          44     8.83542     8.65046   0.0240472
          45     8.68878     8.65131   0.0235221
          46     8.56016     8.64933   0.0230903
          47     8.54456      8.6471   0.0227034
          48     8.81655     8.65063    0.022504
          49     8.68843      8.6514   0.0220534
          50     8.71147      8.6526   0.0216412
