           1   0.0494432   0.0494432           0
           2   0.0479998   0.0487215 0.000721683
           3   0.0502177   0.0492202 0.000649865
           4   0.0489923   0.0491632 0.000463045
           5   0.0486839   0.0490674 0.000371266
           6   0.0487394   0.0490127 0.000308026
           7   0.0496741   0.0491072 0.000276946
           8   0.0479944   0.0489681 0.000277259
           9    0.049446   0.0490212 0.000250219
          10   0.0489032   0.0490094 0.000224113
          11   0.0488052   0.0489908 0.000203566
          12   0.0483315   0.0489359 0.000193782
          13   0.0485703   0.0489078 0.000180459
          14   0.0504921   0.0490209 0.000201793
          15   0.0495631   0.0490571 0.000191305
          16   0.0478007   0.0489786 0.000195418
          17   0.0502271    0.049052 0.000197711
          18   0.0476725   0.0489754 0.000201544
          19   0.0484458   0.0489475 0.000192668
          20   0.0494314   0.0489717 0.000184375
          21   0.0494748   0.0489956 0.000177005
          22   0.0493837   0.0490133 0.000169687
          23   0.0489001   0.0490084 0.000162216
          24   0.0483055   0.0489791 0.000158047
          25   0.0488092   0.0489723 0.000151746
          26   0.0495587   0.0489948 0.000147527
          27   0.0482395   0.0489669 0.000144688
          28    0.049253   0.0489771 0.000139799
          29   0.0492265   0.0489857 0.000135166
          30   0.0493547    0.048998 0.000131161
          31     0.04853   0.0489829 0.000127754
          32   0.0490703   0.0489856 0.000123727
          33   0.0496102   0.0490045 0.000121404
          34   0.0491071   0.0490076 0.000117818
          35    0.048704   0.0489989  0.00011473
          36   0.0483997   0.0489822 0.000112733
          37   0.0490974   0.0489854 0.000109688
          38   0.0492265   0.0489917 0.000106951
          39   0.0488419   0.0489879 0.000104243
          40   0.0485248   0.0489763 0.000102261
          41   0.0475902   0.0489425  0.00010531
          42   0.0480922   0.0489222 0.000104747
          43   0.0486311   0.0489155 0.000102506
          44   0.0481027    0.048897 0.000101838
          45   0.0481686   0.0488808 0.000100857
          46   0.0507037   0.0489204 0.000106302
          47    0.049574   0.0489343 0.000104942
          48   0.0485655   0.0489267 0.000103019
          49   0.0481439   0.0489107 0.000102151
          50   0.0479412   0.0488913 0.000101949
