0.499657   -0.486298   0.496482
-0.328069   -0.304082   -0.486331
-0.491888   -0.319768   -0.313284
-0.339179   -0.497701   -0.358219
-0.162344   -0.476391   -0.488774
0.00220447   -0.318468   -0.480416
-0.152412   -0.314892   -0.316865
0.0179429   -0.491168   -0.323374
0.172149   -0.480582   -0.488425
0.350946   -0.307794   -0.483874
0.168673   -0.333228   -0.317156
0.34312   -0.488573   -0.316983
0.49992   -0.150374   -0.482887
-0.339801   -0.00836361   0.498559
-0.495047   0.00509388   -0.315398
-0.334084   -0.14608   -0.314551
-0.170466   -0.146106   -0.479379
0.00489065   0.0263086   -0.473924
-0.153438   0.00236653   -0.323389
0.000635941   -0.146663   -0.320194
0.179723   -0.154092   -0.473306
0.326953   0.0126759   -0.470118
0.166586   0.00851307   -0.309521
0.346456   -0.159638   -0.317843
-0.499085   0.168166   -0.470054
-0.33466   0.330905   -0.498784
0.492431   0.336538   -0.31422
-0.328629   0.191249   -0.329364
-0.165839   0.178953   -0.474937
-0.0161662   0.335541   -0.470933
-0.183596   0.356287   -0.31832
-0.0218097   0.193079   -0.306133
0.158595   0.181212   -0.477805
0.348605   0.337392   -0.486662
0.183777   0.339188   -0.329179
0.329814   0.18097   -0.315845
-0.49327   -0.482913   -0.149748
-0.323828   -0.319258   -0.148933
0.496587   -0.310188   0.0122762
-0.329482   -0.477332   0.00656219
-0.167226   -0.485487   -0.147765
0.0233307   -0.329446   -0.155746
-0.154973   -0.296794   0.00729661
-0.00761665   -0.462461   0.0141921
0.180009   -0.492812   -0.141545
0.329147   -0.316348   -0.168468
0.171658   -0.319433   0.0227403
0.331847   -0.488928   0.0182936
-0.480915   -0.168671   -0.143917
-0.317942   0.0287219   -0.16785
-0.499369   0.00499553   0.0156516
-0.313878   -0.151074   0.00395216
-0.134146   -0.145129   -0.148407
0.00602976   0.0244853   -0.135985
-0.168951   0.0176084   0.00639003
0.00164843   -0.143432   0.0221929
0.160649   -0.146675   -0.143439
0.332645   0.0181784   -0.141498
0.174663   0.0235895   0.0300398
0.320011   -0.150391   0.0271041
0.491328   0.191183   -0.160404
-0.347748   0.338486   -0.147492
0.498483   0.354343   0.0184526
-0.348161   0.164535   0.000825923
-0.169928   0.198003   -0.129586
-0.00550347   0.358894   -0.146222
-0.184347   0.382212   0.0153201
-0.00693583   0.199027   0.00466073
0.188503   0.180411   -0.143527
0.337619   0.34956   -0.157907
0.182098   0.346715   0.00107948
0.337812   0.179585   0.0311315
0.497975   -0.494705   0.167427
-0.321652   -0.307986   0.172165
-0.499059   -0.315753   0.336226
-0.323914   -0.474974   0.364522
-0.170593   -0.478711   0.209497
-0.00756207   -0.311144   0.185104
-0.155955   -0.30477   0.354884
3.39769e-05   -0.497549   0.34102
0.162219   -0.488757   0.165939
0.340276   -0.318622   0.187294
0.171285   -0.298091   0.358134
0.313948   -0.480662   0.355109
-0.48617   -0.150185   0.188084
-0.33861   0.0372178   0.172216
0.48675   0.0112588   0.365259
-0.317297   -0.159117   0.336192
-0.167478   -0.148098   0.189543
-0.0129138   0.0113432   0.180136
-0.142466   0.00593381   0.351646
0.00890999   -0.155576   0.36243
0.149244   -0.157227   0.178042
0.332826   0.0277085   0.195165
0.159142   0.00211614   0.369595
0.329484   -0.143035   0.32243
0.48839   0.18428   0.183975
-0.343715   0.339201   0.204605
0.486458   0.351727   0.349777
-0.344746   0.169869   0.339616
-0.16665   0.187073   0.185043
0.00971819   0.338529   0.172534
-0.162782   0.342149   0.343869
-0.0138204   0.180565   0.35051
0.164159   0.181159   0.209862
0.327042   0.348358   0.189188
0.166519   0.341981   0.381389
0.328191   0.184555   0.373048
